289383
430886
192777
136915
247793
238335
385386
260492
16649
141421
202362
490027
368690
20059
397763
13926
180540
383426
89172
455736
5211
95368
202567
456429
465782
21530
222862
165123
174067
203135
13929
479802
134022
223058
133069
398167
461393
18456
175011
478042
176229
377373
484421
44919
413784
398537
75198
94324
298315
164370
66413
303526
276091
268980
259956
241873
306862
499170
406996
497281
202305
420925
477084
336327
160336
126505
250846
121729
161313
425857
116124
353895
319582
100545
398814
233367
15434
490364
344043
313750
171087
426808
117276
447178
195788
393584
205403
2651
392754
112399
499932
95060
49676
493368
447739
210012
136226
198586
348094
297539
140795
480570
151434
460378
97467
66601
210097
112902
73317
70492
426652
260756
497301
60280
224286
209441
453865
429689
228444
346619
58440
244729
458031
108117
238097
405771
334481
390675
120709
198927
204567
277856
179497
372353
254586
276965
455306
464683
406219
28624
51528
332871
305732
48829
409503
30019
258270
363368
459708
486715
226340
18149
247796
200723
142618
2245
122846
493451
392921
243555
192379
97488
37764
388228
469841
292350
165193
441500
257034
87764
470124
324914
436987
275856
373743
346491
322227
148365
209859
281936
151432
452551
316437
399228
153275
475407
401474
276121
468858
294395
36029
161237
408235
73793
65818
394428
366143
231011
335928
139529
318776
322404
464443
255763
114613
354538
118606
436840
2904
344818
235128
170688
297369
67917
69917
466996
43324
487743
259470
12183
298490
295499
189772
206725
385644
255590
117505
268139
2954
469786
407669
338082
308542
388464
110197
439507
259355
228804
376348
278611
73622
127828
449299
387343
195746
35568
354340
255422
23311
113810
267605
321801
425661
473730
44878
311305
229320
178736
79444
248626
148522
3465
86708
473416
408282
213258
412924
167637
442062
305624
462600
32036
433452
411899
419379
145550
447468
290071
400973
487131
403881
184930
308933
345894
158660
370163
157199
387981
48899
252996
152959
213773
272813
239668
187190
181095
452926
116466
365084
411340
422090
327684
443376
355542
255936
379107
17445
219756
169179
418418
206887
89412
103348
32172
451659
262009
402336
125210
166342
467587
378206
319301
197713
167372
75321
401255
364819
44599
17721
229904
455939
439811
73940
415667
311705
346228
311127
329150
65984
496658
263920
289224
102422
367269
321396
54081
145630
240084
179292
311972
207672
73850
147625
405385
241222
239299
306640
106042
283898
340713
352298
256190
280524
442590
188209
108581
288819
499336
437732
371155
495994
218004
160379
114769
85273
481776
168850
247255
221860
348142
75579
445884
421993
223205
367621
179567
462504
190613
301961
262754
31326
154259
18944
328202
113202
223506
436784
402021
222842
390868
289528
235189
108872
449908
349958
210498
448036
18808
457753
186248
383303
33333
132133
321648
272890
499754
17567
251746
190368
319529
14500
238046
473788
49797
66249
86990
273303
3033
5363
12497
410253
294892
247686
19125
261152
113996
245975
209188
149157
203729
395436
32460
253414
43921
370460
26304
60028
388027
278050
266748
207556
308902
4794
197697
358699
71043
301039
132002
90428
306403
144500
681
117647
408538
36159
395151
22535
282134
104339
171692
2215
16127
220504
255629
60049
90964
298285
136429
495343
76335
403177
202900
385238
407971
416949
260289
495367
217988
392292
85795
40743
53144
102829
158390
461682
155340
53541
569
453826
174232
172261
456042
190360
409117
228023
266761
81
26309
403190
495425
118996
306367
214677
4234
230690
131626
264524
226057
349614
173168
328205
390358
226312
447386
65100
204346
102726
134994
204916
56552
325578
393529
28946
32290
302647
256970
299051
319080
299631
218593
330857
418627
41312
61886
439214
288355
193512
220090
14412
59479
409610
358969
466189
152274
306355
47641
356620
425433
198987
77888
498338
24566
487770
27284
56856
290417
300606
372260
125849
100237
107205
473059
35217
148518
34945
490783
436873
228458
210873
467637
304289
120483
326607
270478
272757
149314
334471
145729
91100
33459
223618
89438
58025
211388
133074
131233
18157
433681
3493
160358
50270
110699
133417
101839
275569
168363
92622
228794
413173
319847
196431
217462
456682
39390
4292
245791
205057
355115
391521
296157
388574
131491
401947
462951
359231
35021
110537
393740
485054
114030
54098
35325
241081
187516
153516
33002
372231
246139
261796
285404
82338
474580
19218
39021
13970
39862
284812
235379
394977
192685
31536
299904
324176
433483
279207
199759
484857
389744
93499
469911
20127
163950
5236
277560
367818
175105
310563
240049
421244
88711
41805
19934
63291
77375
58955
93614
133589
343768
328993
44918
52805
376882
344822
376982
326717
124030
93093
311574
30126
186593
281486
50253
350543
303074
327814
234713
478179
138377
474762
415775
227088
32919
435710
306732
110294
11017
400346
260235
371137
245691
305153
423943
122573
166328
300925
449291
306710
394018
277217
336836
96963
75055
387090
463858
378130
214904
198571
372661
369633
189685
304789
113073
222604
256851
419805
349250
267868
336503
109485
139006
82195
414639
62949
221120
80967
380226
186763
387677
290596
463981
240865
387560
39036
127955
367770
433518
359211
66342
322532
245196
272379
127321
358270
494984
384172
294427
344234
152040
147283
470072
307398
245830
401063
370347
466950
482030
250573
153714
386059
57522
134047
126924
445082
189435
271232
329204
122954
130443
411898
445486
375640
184278
89159
250262
179262
489683
61041
39848
141723
208324
26272
449122
454154
427335
335821
437457
409365
102747
91171
311776
160269
225218
438701
121703
414653
209933
450907
53959
356728
362806
15797
248720
47084
121308
15334
242698
110991
76376
298898
252715
301052
325171
218189
271559
252506
54010
209016
178224
173109
316539
490000
333378
58109
445053
455081
489114
171338
405989
59426
28067
285147
75223
276787
332231
196532
292122
91281
323875
384850
390179
76590
202254
215350
311131
473813
467857
381494
199181
146081
54603
15720
152433
387982
90181
97487
359415
79296
268825
265404
138722
296892
50551
230297
90032
399134
443181
398506
490415
267057
299708
380595
359999
1962
112297
187483
475776
80154
68977
191309
242587
139932
223382
395021
44266
313563
8860
403682
409211
277685
169086
64285
90930
235990
294583
197314
151476
254116
95820
141892
37525
395528
38839
397525
397490
151136
101360
389618
247643
170337
80928
6582
326621
304310
417955
370888
134225
426815
274570
43437
220853
460008
107722
311783
212350
418657
9097
363827
189126
121269
22071
226651
33149
60910
140528
430639
228398
241888
336610
492393
428577
433890
498976
255199
254552
416931
126087
388777
360099
400657
448566
80952
377017
72641
392735
89368
491298
418184
453195
196776
55805
475266
423428
88954
52528
80308
19593
297278
322197
372555
289672
250774
306445
305000
22325
60997
238283
148412
466127
98382
65421
414693
179334
442439
487334
88421
48159
494985
22957
1354
191761
78762
492972
131541
167716
61852
211850
203662
375482
50399
76217
165154
301173
399015
486506
339851
476364
224790
488263
442491
323172
70037
373537
18859
28828
360871
107280
76987
355856
146590
78341
63970
225352
87665
195511
393069
149517
407361
113083
41351
474112
189300
206506
291638
104667
209364
131489
81032
434154
136104
39875
273679
206141
413412
292538
234969
290636
416170
311956
162844
62760
406649
226814
304465
494314
422326
213886
160183
346039
326969
201535
320152
32621
424393
111790
137289
150109
259631
234673
84264
395735
274548
374295
101877
204313
166833
353198
494949
99355
165155
157793
178468
88156
400960
482933
98823
323286
213171
275358
185677
40140
493245
22181
72761
433990
150323
210050
84100
409954
461075
168364
322042
235624
42659
423919
456289
225844
293469
451238
341551
474976
125383
20019
63133
26343
19304
161956
365981
232475
453666
68011
288967
446912
90192
361729
380902
256868
88131
465002
183174
49207
149718
5216
301183
192377
445487
257472
434573
238957
225062
276125
213933
366797
312496
293418
393141
348153
471726
275474
96980
425393
343485
385948
372305
450030
264029
269559
206898
352160
234562
406424
417719
384280
411641
218902
93010
373480
492726
27583
128789
234140
303708
342723
100938
132557
152493
10431
480710
124220
285905
77690
49613
129391
463638
438270
79421
227667
207829
302671
96180
458743
209095
13899
343024
137088
249154
452386
10569
258232
479969
155710
492373
300030
498433
109663
432587
167279
120094
429649
291499
422351
7339
357464
51742
487330
312086
147515
231349
19915
450186
343881
495011
175634
374133
354387
312722
123287
306773
339643
381519
286742
495354
390244
103124
10139
16259
52063
177418
136353
481712
485269
58705
5404
342733
126799
492734
154819
274315
240435
191087
240853
100669
202450
416487
474802
56837
245562
98089
363610
85205
495960
166704
96911
402557
269829
123403
418816
321892
300821
71522
303605
302443
146579
325361
161528
273378
334447
332700
64045
74882
23787
304899
175551
242589
221386
150353
299426
466948
264794
163036
68506
277107
346092
165417
179664
115921
288820
98480
454166
105994
186354
274123
408437
332933
99484
86317
106312
433931
419017
186709
25165
459156
491608
217069
201745
212995
367422
1171
196295
148569
180559
264801
425676
26652
446571
105340
158925
251743
220172
113091
374089
406527
403566
298878
255812
3050
385196
362124
453333
304213
65186
478499
263370
56794
195568
465115
286141
79342
482639
482437
244263
163198
263590
169939
206202
226513
291631
365128
478257
11804
494571
352346
434683
398138
151225
190495
417540
36421
68972
387226
340634
134158
365725
120356
190952
77645
85472
493446
173339
68111
475883
417603
247661
255825
87542
470216
482339
379174
335344
460596
407330
346267
329294
342013
260757
480519
48860
194650
33292
117832
81876
390279
251990
463953
10635
459295
41598
96107
452741
214937
180570
444976
132540
444584
200801
220083
414800
199492
115609
266496
176440
22939
112763
5735
381304
389873
2606
430164
84523
52251
64349
182751
442530
316339
146704
453165
291986
188302
65625
261079
419591
262547
222407
68484
207131
439561
304919
121931
139053
420528
388427
315494
459819
17543
337581
341123
423768
340187
287639
24643
392438
351988
207394
351320
184680
354098
304486
493018
58752
386463
254098
494695
149010
476505
63179
356142
416066
368098
494425
71472
304978
382853
386966
264797
416748
224547
122272
340516
81086
409912
365159
489877
261900
72553
341197
462932
443003
162035
455951
18107
48498
210049
29154
213861
202906
92334
70003
135325
476784
64428
206797
281763
463633
110115
46560
380381
351014
185185
220897
432100
95097
102408
438329
373349
191313
295879
352634
134316
457914
308585
168775
22765
34986
197930
236626
237892
306616
306629
389569
299752
387409
96366
81515
367395
222833
144428
247776
73847
329613
485026
22300
441062
103786
460629
330763
295100
256508
183397
429416
230775
491982
114544
253540
43320
328826
6518
297565
151794
329499
187134
451546
216908
299853
33062
84303
22686
193842
348432
96534
39807
349810
118834
480869
453596
95815
327984
248696
352324
11382
194465
99451
19716
325361
369343
63037
154187
375861
360602
305981
205360
64088
273879
438620
363941
323293
22924
386628
17135
387708
483162
56942
253870
101996
54163
207466
197811
398500
472515
66487
426234
183332
182290
445950
8693
51633
25339
162880
427494
402293
485213
132854
466382
275444
71475
330323
98738
110751
216951
115873
14811
216465
189168
268681
334813
259683
492499
48977
174535
465014
115464
100769
148346
314107
63072
173391
365740
88411
352623
309587
7057
337836
458793
473439
113281
46620
320114
228371
157371
53418
360596
188534
269883
49764
473567
104697
325800
466067
153674
335
447433
285490
117457
112132
115949
180529
285523
481690
285292
138147
307629
292349
492335
266422
282140
121968
313043
102255
350339
486766
172025
210936
191653
458260
277052
165220
62957
119204
131287
232983
119540
78721
34826
236997
207205
167127
433878
492728
165169
219170
147227
472798
11520
139563
239221
293660
277883
68616
412267
128223
55382
84292
355511
247035
42553
132563
428608
121862
251768
59895
371198
387660
154968
422376
141009
362173
89503
74887
371254
254673
294057
18481
243823
321929
174396
483044
131942
452280
68012
44209
96855
139747
144854
452366
403134
203759
101281
331742
341973
369401
391638
213171
273413
62958
151899
414422
441484
257755
5661
329090
28780
316071
363923
272603
138000
38320
272000
269942
6952
340012
330504
103807
479759
475358
72525
382894
179117
190158
214636
21090
59560
122626
250614
332973
201937
418865
263748
143421
176620
269409
488863
205400
101832
352786
478004
239833
407458
266356
26127
414410
106368
356631
34569
86128
348341
123446
485374
27458
313605
200010
64901
373165
338989
331867
222490
40926
250732
486238
200699
443705
272000
189562
165457
373832
42348
143461
130017
449807
426169
172497
380569
32538
29128
415139
135018
377470
38585
120392
421280
368542
336754
2533
241707
175743
334400
480550
233021
101485
466788
433720
45190
255140
139634
210647
145325
181983
370461
291694
148142
296630
464191
45063
345520
493320
476554
480538
387142
31492
100930
308422
400034
437685
327308
158094
129780
161708
138644
362802
279545
121784
296522
341087
376925
436157
51735
38602
134492
438548
330296
298986
251530
310840
344049
97051
320512
336956
77589
207654
368448
194872
32428
268482
132557
376088
426576
262337
37797
65220
125139
333694
187005
438014
174782
80282
390523
242869
135236
25015
181417
481884
340353
449299
292724
200754
46350
113236
37710
140292
337242
406158
335164
386023
174641
467721
262111
117569
246410
316260
182790
387902
149955
386147
325916
341089
482781
216439
83958
118017
257806
265375
99901
114511
214674
408978
315265
277377
38566
352976
417669
392161
259134
252833
294536
450127
236906
72999
67697
483316
389260
266839
387570
55567
152986
213486
413008
135767
446277
496966
270136
220435
278693
370037
334946
9719
295367
150212
287096
333934
19540
221117
226095
278674
473950
20631
228802
227208
93630
312851
210525
499242
79690
114447
71161
232676
327934
484169
384795
290563
481135
154931
27351
276180
41320
362297
285900
336688
28861
72996
186974
48401
294114
413069
343428
284416
450052
88582
11625
43682
401433
238502
59277
481123
352949
146790
230151
197235
130960
114946
487799
128447
286229
31502
404628
327549
393799
190528
180589
439013
279876
367563
3766
73990
296984
347194
374759
247036
435776
386384
307071
337209
141238
382700
334684
10539
29490
64835
207775
160450
179781
211926
305250
482362
243428
209878
326264
153579
416758
6853
108944
196634
390769
112711
286977
204105
476257
161736
451142
412034
64472
274565
265595
205710
157265
116632
216249
203107
181467
440376
363558
377601
152302
185160
359963
412082
395038
186227
82014
311796
209433
190958
8430
116554
303669
295407
320659
279927
473495
271801
208313
37967
62718
490260
260029
236335
106892
492631
439443
304712
433007
319353
182313
101662
4513
58628
30096
399551
244856
112110
227699
470641
303069
252481
87195
123090
47889
407854
419369
37736
196008
127682
75704
258726
134295
335733
11414
241187
328364
450857
62251
277724
270210
244564
395738
274723
303193
425834
190626
64401
37945
418325
51394
357366
170806
138589
480456
235047
62795
399826
272784
258803
43860
364840
33882
178155
200573
61648
435695
45290
12505
497946
339366
299067
258863
235104
73790
78408
177290
280768
159161
215235
199093
210555
72601
386251
349144
69410
137651
428291
485588
410435
203447
29448
275275
253681
223956
492200
315329
159651
53842
327834
173949
409560
126901
449164
144664
217043
27572
321955
497811
186733
53542
213256
413640
142496
115859
279136
228258
253510
207428
213846
180297
410875
243294
471924
164556
467250
464125
479885
143253
34319
324071
333555
443880
467324
282719
104896
184367
326644
443203
198530
29729
496746
411786
443370
155594
27645
238858
383852
297508
446286
97698
477805
373513
357344
449730
54421
340947
430207
50658
484200
480878
374729
334107
424758
342053
133179
46007
42772
476175
489210
241302
5904
2308
169440
465626
157902
197086
204485
58106
10946
167123
155804
488751
40637
29501
454833
111410
370448
401392
162069
371000
382271
53150
205108
323381
411556
338287
369388
454328
314462
374951
211983
336718
377259
381423
302345
51514
94861
23182
125972
105807
206657
298129
110911
247294
327630
65744
375057
198078
467137
37126
69078
365760
106628
274186
189141
18184
128825
74882
488865
459639
449833
200848
296358
343444
98623
115055
411310
193485
154589
37283
315644
361246
335412
426555
124893
163042
492300
499950
361120
475789
53428
446550
341549
160056
220737
47042
178241
365914
121924
183458
325554
88109
400658
138264
431554
499281
253319
359216
209118
424260
396499
24763
285506
248263
451318
410399
411305
459970
426701
288777
452111
480129
235328
310012
140186
472417
357055
334779
354683
478979
34589
180237
67089
435247
334853
14995
450880
104524
374211
159999
28784
270711
201114
330643
35326
168784
241042
446632
145107
184096
251761
97218
164225
3441
407231
320763
492210
264286
171894
346894
259617
222835
43483
343058
158082
378337
358053
125315
499213
248617
285314
27998
35680
2780
358641
71006
171564
116035
17638
333023
300131
285752
430242
480709
305545
353825
317824
297756
134463
6071
161002
394080
228906
204485
253491
386989
99174
111544
28656
98388
360161
313970
142738
395841
333102
1379
466848
21018
133766
838
354042
450250
302942
284284
430959
108488
154461
265135
422596
288924
271206
83598
199356
113
304435
452847
403454
419962
80744
432110
34702
457257
262432
177440
369451
111886
195171
336299
132904
345289
353489
486946
295539
172784
287582
242850
281272
442043
7986
203868
247319
279192
303818
446676
295657
108253
415875
215463
28215
496619
163925
79269
453877
442709
256709
339680
54595
468232
192331
187500
313522
45820
174446
125413
234956
462029
368264
16228
420424
376250
236448
167744
171794
56618
130772
483804
164872
46647
199267
209439
59619
363193
288709
29848
322254
61770
369528
376850
46355
61859
64350
376229
124031
255148
1642
358988
217177
369906
391568
153954
262508
144369
321698
434303
200987
452470
418107
382211
15469
133726
108003
91440
13271
413064
121288
335526
491186
490816
212376
37541
69027
293078
430122
193059
48226
431765
68399
265404
318023
459967
419358
80532
120688
257408
31187
321676
226230
449294
220239
258051
99372
328242
349492
112644
241306
470780
464522
232493
477949
176898
286386
63328
469976
216509
256387
18202
164626
341138
299958
482649
317458
235668
63181
438146
9428
110720
276174
235658
60014
496414
10062
175739
324656
359554
304735
82315
330334
269257
331160
324635
462507
117546
387964
432483
334055
160703
467037
15033
1842
283348
497683
319300
35368
77216
257446
61149
187937
33621
313159
264303
46387
323221
440042
371043
182775
244777
469710
29462
30386
300870
354097
492893
418417
242061
441728
268824
419117
408766
283858
420959
208466
297893
240259
260186
375109
14057
321335
63046
64030
134495
343702
110417
457716
300096
497813
140492
44874
467523
186306
75260
268394
40403
84506
203163
298817
26234
488339
217934
451352
288549
138893
159818
86442
395504
420005
477904
425913
257692
57302
489944
392187
401004
100361
366256
201101
114526
6748
262327
82050
193054
353939
366796
249809
438445
86311
48626
464680
91002
282912
416032
379552
438157
92203
482346
333661
28560
460250
275927
286252
17553
265871
178440
418557
382584
61048
136010
497111
84148
398337
95513
293554
252277
478661
43363
207074
81324
108342
171754
172326
391254
104139
51878
345764
196342
34225
195777
224902
10827
471704
11154
28380
237575
205946
463290
120160
266994
99300
133623
351142
13990
245488
144696
282619
224149
204412
489693
321825
312754
161448
494151
220360
265587
62382
66124
461929
112959
261902
203183
123786
233606
214337
152167
487534
436636
131809
124046
203630
231109
257669
71125
261451
3157
232173
44070
243658
436585
33764
65483
249339
211564
75986
486052
493503
138368
52176
455432
251327
330430
174967
391466
64037
389304
43633
51571
342292
191794
175617
62275
439255
449638
133400
200707
469147
365573
244777
229157
302159
294893
310992
67850
6457
386978
53902
499960
25347
122431
471744
293026
452861
146711
184492
16898
52368
244477
84821
394660
436271
276790
473287
391879
242780
106687
92586
228279
488613
337363
457436
307124
148609
268428
374974
155066
171759
445229
155027
213458
67660
126771
6484
36873
289835
207329
70124
342203
468158
154945
253215
420782
448088
226503
312661
190868
349542
405247
435500
338155
258962
392936
161631
407571
177717
52958
62638
349476
498187
234017
62934
82199
377140
85770
119072
183327
309451
189196
41882
277610
360494
295098
198392
308582
37953
11053
15802
403847
432652
467654
258355
191614
360591
419986
115538
54660
472944
194528
420488
487483
428545
483422
86034
322037
85544
205107
5365
394996
410655
47247
172606
271149
358697
387350
96083
413002
398403
128238
316850
331055
95892
75205
39021
472835
495191
170911
27495
484488
365439
447983
488323
310336
447757
74358
148726
33302
279465
154091
444650
190120
217690
133608
477622
76388
20958
90057
489390
419361
218295
306240
266768
330540
397797
322141
303375
409341
493053
347223
393829
374844
311558
382152
201533
259316
456510
350259
308970
252327
4350
269972
458800
222040
403580
452774
314780
424538
42831
304171
343899
277479
126763
127019
108019
24561
465512
427746
450254
474917
274969
344083
349762
86528
242587
51295
362196
215450
401554
171166
484129
422256
441138
442929
144296
344718
412055
475429
285608
454887
279600
129507
248718
422715
272878
356737
463628
238390
300835
413882
213308
75805
274317
79422
178685
33257
147069
40881
248707
48623
228399
232836
470879
185889
192118
131527
30607
104173
106956
316215
75412
402908
462074
324130
341976
251304
197219
321956
6046
498055
235839
235706
90212
26508
315128
268897
59765
462197
326130
308472
27172
54529
57661
14403
240418
266131
162283
287377
386656
285591
119944
462069
204852
98370
302551
46828
366026
16123
368784
372072
30530
120975
107779
137094
147484
439259
405991
207249
417809
248473
32074
444981
303002
89735
475737
59772
355866
138020
363501
258874
423611
483445
220943
144815
98167
39847
191643
464193
72322
76780
352617
119204
214107
460396
256298
361591
416008
162289
85193
333817
410762
117267
295150
230116
223354
270887
306240
95572
425259
169741
354446
365223
169538
91742
10038
267705
131589
201682
248250
220263
294814
100867
339467
8921
77616
95765
386865
493624
274406
472058
327441
201520
89325
122591
447988
312679
409831
254228
408251
335090
423969
262697
200313
109859
370791
210352
393916
18732
428386
142166
238995
223200
259385
94814
248473
337001
190579
135338
346977
481337
107396
174418
182857
213073
313362
130845
42104
223193
401425
466707
74635
341746
229405
274949
451605
116548
1653
361873
135281
430039
4039
374276
169591
279777
469091
418064
133130
176022
69755
480108
157360
177151
154526
356569
406577
484240
487415
448681
207433
405192
415389
282069
246939
161146
73370
214896
277694
75023
76770
412975
21414
97161
303604
191005
376938
272695
125421
10069
465069
195176
490177
122429
388680
161055
478999
295257
145296
482766
243938
369081
387958
175679
167502
151249
336825
257224
366146
130872
332247
442916
43847
353661
40077
347451
61018
417016
136498
186440
443437
101568
381616
449966
240349
270296
111021
219348
81905
272669
218466
342196
141751
122777
17875
325605
274026
371053
82830
140172
1925
431429
83088
45772
301443
139518
409576
362461
72886
62426
48901
16323
163994
446870
466289
420696
233518
93662
156396
315424
366332
374863
157620
24435
497640
191847
366392
288018
62900
449222
444543
64825
397004
43983
126950
198447
183501
52878
60908
256387
115304
126162
289062
295651
73032
255351
216347
322902
365366
372743
138326
248050
263958
312298
288837
277950
20498
155229
65969
83398
120804
10512
164576
17808
70847
307878
216255
254349
377108
277163
10736
8764
419677
316151
304415
492709
87854
37114
315612
453220
426210
470290
201270
190168
298941
490107
484471
319439
161689
50440
419189
282493
77304
100117
316653
148151
424347
32908
418852
301455
326423
445941
326572
246101
262092
147339
255162
349946
184454
87126
319519
127016
73769
20789
317184
372710
27249
301655
208501
205290
368447
144042
487783
462103
260512
320788
126607
201211
353696
61811
19019
196471
7752
345591
458924
286196
492930
214087
136143
193736
317565
455662
320752
391334
492803
154289
280396
36404
472296
488897
241694
357096
149292
245829
319199
426156
66617
462158
127367
436665
40322
146386
133137
48074
491977
92061
334271
484908
322500
486766
194996
140066
458780
15749
31400
467935
170038
311797
4340
142334
317046
262386
499430
482690
8216
334982
408846
91185
313492
36214
27851
353814
198952
177340
418241
190930
285753
268864
192190
108254
255630
387186
264672
230762
419287
296072
198697
89325
124221
219389
231660
457620
481776
247442
440310
489992
82424
365509
97529
412269
418075
125380
266083
117027
302720
184324
324309
88474
453188
16499
213080
225170
420038
477752
455932
339325
290176
170982
428651
414398
390371
176663
388370
372147
440457
345032
378491
39234
210541
476021
451503
128616
117753
233938
261996
436826
418263
86305
41652
387803
119157
254732
129326
39195
248836
85258
378520
39012
272592
323523
469762
162964
16538
358132
51463
473348
203165
446307
12582
430058
422328
480437
75027
56433
214375
337023
493259
148990
423328
34911
53146
42485
305995
182472
98032
54831
284082
492905
110196
56675
316428
79958
219639
349319
454443
287454
322667
173960
233761
351601
120370
172441
332038
195397
228875
46413
32420
238486
211756
472101
273398
264902
30938
95745
447374
145323
166929
231456
138228
277125
288131
471008
373435
24122
336679
344230
311577
159346
18190
61690
10947
154913
234132
359337
350310
463007
405751
399083
201493
117507
387536
491243
382409
434826
86989
346135
80149
253918
77591
218377
47395
365723
205738
420830
406197
42417
281413
217774
218116
315955
279465
245415
470868
29949
104753
321179
492956
26856
236614
210801
160715
124150
218397
59476
58976
321738
405611
139126
92008
483202
373855
139403
365277
79593
76585
271475
122011
357998
5601
340127
190306
301418
85542
161174
331367
206647
482353
324323
233503
218967
51477
394218
359469
286226
453694
418446
107964
359305
73924
199972
358860
447779
355727
224137
43725
448664
11964
165736
323015
17566
22215
13321
318984
124109
174495
150352
330757
173201
491027
64260
408520
58856
474831
267990
345082
428525
202788
453046
304183
276712
169370
163043
224491
41449
403532
268216
6466
415497
450304
329481
433063
488871
359154
268399
112981
50001
418751
460090
223202
426131
40702
148075
484987
15533
416065
330070
460411
135205
299468
280946
411917
485191
443989
152760
42992
363873
437329
49458
279370
387633
395291
228785
392857
270797
13537
22190
320799
432288
482280
60353
374771
39334
208428
359759
71220
140845
206181
47983
276050
22001
328929
204319
7192
289270
357080
66537
153143
294409
132347
448866
198394
27639
194003
107603
314788
207540
129793
135587
156181
128425
195941
30952
184112
420721
407063
255332
61567
113244
303315
353969
135246
132244
58289
158790
421514
431721
225327
91009
226130
357675
39875
440876
401666
250231
48480
216454
457771
194625
352042
130304
339403
64335
161257
23515
485056
84672
278847
62975
197917
98514
416945
333163
230758
491586
491953
168624
423307
217281
259633
165789
91308
315861
123017
492974
66092
187849
209428
40215
382475
77822
186872
238230
142157
364481
261745
143566
449153
40592
206541
147070
155458
139838
496585
386216
131424
488539
71192
71083
222172
347177
236872
329832
163038
376242
322806
245482
64091
48586
302050
462918
126409
488922
201148
284918
369755
479245
428484
318908
36189
151378
465979
191647
291216
462564
94215
438993
467455
165407
10076
205979
12585
263301
35811
191975
155895
374969
453810
219986
423556
272212
199257
66317
277486
416757
351235
147241
396003
296072
466149
432192
447450
448480
123840
255018
427397
218055
194011
411204
399815
220440
117184
412400
93
169347
120727
155988
44317
74537
375974
467873
363101
91583
34190
140587
8341
401777
287828
420696
214201
270330
352888
178003
218810
493080
433022
162559
211136
143385
73764
127303
380177
207300
56055
380270
376647
176782
36258
420964
267672
428585
388837
130773
20168
439379
271361
44861
357509
59189
465557
71710
329519
318446
266066
64682
327878
199088
227241
55366
358825
317357
182669
239003
24657
238724
135625
401305
415507
171884
322269
199531
100469
227459
330304
136989
183190
101665
181851
57051
177207
147408
128762
23078
482206
394828
87760
310085
110268
331354
365451
485445
148711
48121
240800
173369
286845
376426
91026
218704
64662
413295
418235
165131
157106
248540
302120
356649
366557
323
413700
60116
147732
58814
83195
146290
453642
187307
456375
80262
35013
338179
82060
200077
386300
322860
373446
189497
215638
480824
424554
280300
410471
342789
445431
67578
107681
263904
440579
490591
264227
354279
50707
428311
413094
150254
74602
383088
353914
47329
479703
405279
385508
61763
105356
288160
400975
495154
494010
116614
475978
418564
396914
386450
261353
358698
470380
385387
138954
410959
375978
419533
265238
443037
347845
194684
109644
438799
77773
463558
486128
73828
368837
387989
135591
490546
176149
52918
485700
170159
169532
461679
88723
82799
348129
366429
441497
318509
251816
96803
245820
144146
16336
11058
87183
380533
222095
196827
319332
316220
176737
321813
390048
61927
209802
41991
52473
402303
94909
54525
72463
264442
16204
177538
363593
380685
60319
321442
215546
328487
418245
461366
472633
434581
488777
76169
315115
210872
289348
150799
27092
482438
472612
417140
44365
182414
459131
113190
101070
70392
167715
173533
351186
200272
367423
214779
80957
444095
36221
296504
272582
470818
274222
261568
421752
262999
354089
253219
473871
159789
404018
17315
142227
392983
434455
202944
91749
409938
316134
192819
496683
202
382704
347869
200474
250128
62649
297783
194223
115222
110639
483157
102393
384862
244725
24145
164213
115166
277364
154437
274956
197734
171752
417183
90717
122560
136480
182467
48850
468966
375286
45533
469168
257991
393403
185994
24471
472404
483778
235046
103978
94417
234555
206371
479279
495633
246868
143493
110799
40584
314282
385755
238319
486034
319291
345388
108594
455771
44207
173797
441089
419494
219330
410258
193837
129085
112604
234660
101489
96382
486058
221820
190800
220613
428191
186431
216246
191412
346276
327046
231996
160558
229153
486667
162945
48444
332056
287891
20567
376263
461688
478009
312109
181019
404619
22298
326456
17223
256958
444298
113606
243016
166118
320758
479982
110661
23541
196228
302073
369818
39626
34070
46728
268780
20737
209673
333576
369145
497565
370496
245409
459253
348505
73870
156624
253124
96169
499433
270347
353127
443731
400305
112496
109849
221063
92478
220510
260957
305058
38936
130775
344685
89358
177503
113465
126447
403529
447041
495593
401094
317537
257354
376699
182394
331224
49676
435518
443745
49109
222218
313225
9192
122523
425721
119041
359939
34551
355903
120896
339609
411191
268023
184294
549
461878
314111
126997
381759
261153
122590
282853
95042
396296
175905
293789
243872
241933
229307
187618
307394
467877
843
316586
106753
442916
451979
466692
477467
307882
103940
333428
219074
388315
17723
235975
366545
331834
362972
248305
109339
1914
47510
220734
398210
223415
14523
158435
481700
260182
346053
289094
228060
346896
122032
334813
289812
74011
317857
283631
381894
438149
117059
117320
342816
151134
353295
209361
499321
232620
457666
125012
250886
5177
345746
165449
244944
376621
323884
226645
153156
169937
32091
381216
33185
154124
232381
339349
244487
66590
122980
126381
21091
256391
260053
363907
407526
129701
73268
406847
378673
47287
48211
129559
52464
410310
295008
313760
286931
135244
56757
440087
321533
88849
337655
354718
259325
86388
194067
3812
152978
333399
146546
174069
89791
422951
54328
13669
69004
127597
436868
447677
174884
485079
93589
243700
395389
404949
57460
198673
40194
114218
155112
361727
219419
9120
216446
495096
95508
426865
15260
264839
276617
161806
455260
366408
101110
9589
396429
170114
153538
333297
117792
344774
334728
211381
88474
230118
116330
162286
445143
172876
292856
100255
34604
28627
125727
267402
40075
221236
210619
55336
2427
487236
233494
457687
353644
334604
467276
250073
4719
137166
99722
138863
481940
434451
366596
86766
180921
499278
265405
126064
172155
58261
242671
223111
103241
368399
490513
143316
105987
201132
215004
108414
204721
448499
66101
58365
299455
49730
324791
320526
186896
440865
459389
168837
375316
342337
255603
72589
341616
21008
215005
30123
95622
457677
269586
215215
342428
276451
374883
448415
477583
89888
56829
198656
54739
139282
257022
354194
189012
98165
174721
375909
55382
150462
44746
447051
492800
316701
19640
350768
354062
234646
397243
466036
208675
166829
197603
51103
443280
72486
499518
437215
178726
72699
135872
233465
211981
409246
87660
400994
23763
262381
293255
79145
412843
354353
26196
421995
171054
62189
272763
41468
296835
186358
23856
5510
353187
221459
72965
296467
293946
72483
233683
472672
161534
385907
206138
373515
295153
310150
274509
318916
88883
67764
398061
18078
438469
440610
440074
109524
2799
229189
167344
299634
415548
191201
321496
268735
412660
394461
81555
222958
483296
331590
195631
144830
217497
418121
34697
12650
244623
325559
347918
333506
409675
262331
351584
348145
202941
308010
457669
205740
37200
141365
21726
469100
332566
359574
237835
245227
270387
335742
484537
253683
167332
180168
414865
384829
114641
449563
413831
359264
275122
261749
192770
201149
24081
60707
49294
227022
368717
23315
449115
405917
164681
487193
375017
497247
346768
129205
258826
117155
464947
243364
387191
148632
439884
302056
33461
70878
267971
463645
430142
59445
225394
139265
260595
265827
199972
309889
9202
68689
333205
458317
490959
497886
445510
382328
11485
308630
27885
286664
425786
9185
46380
312977
157817
486264
131385
207630
57142
415709
171275
3637
475154
413022
142902
252101
178849
359226
61991
188051
444267
411548
162720
435226
425786
124583
333907
437271
433213
361792
240287
375351
387329
286667
204680
45146
272932
336066
252777
346426
268127
440404
350063
243281
353426
9317
11735
48628