3.98903e+06
330720
3.79245e+06
1.03658e+06
4.44741e+06
938252
785245
2.46017e+06
4.91653e+06
1.34119e+06
102161
4.08976e+06
3.06854e+06
919843
4.89736e+06
4.01354e+06
3.48027e+06
183124
3.18911e+06
2.95548e+06
4.4052e+06
1.39527e+06
4.00251e+06
3.15609e+06
4.96572e+06
4.22136e+06
3.32281e+06
4.16508e+06
3.17365e+06
4.60304e+06
5.01371e+06
1.67945e+06
4.93376e+06
3.32293e+06
2.3328e+06
3.89795e+06
4.26119e+06
3.11805e+06
874888
4.07772e+06
4.07601e+06
977049
2.68425e+06
2.04454e+06
1.51366e+06
2.09839e+06
574858
4.99394e+06
1.89829e+06
3.76397e+06
2.46619e+06
1.20349e+06
4.77601e+06
1.3687e+06
4.35958e+06
4.64173e+06
106835
2.19916e+06
3.7068e+06
2.89726e+06
1.7022e+06
3.62052e+06
4.5767e+06
1.53597e+06
1.46022e+06
1.42628e+06
5.05069e+06
621409
4.1611e+06
825576
4.3159e+06
2.75388e+06
1.4194e+06
1.90015e+06
4.79842e+06
2.93306e+06
3.61532e+06
4.99005e+06
2.44377e+06
413601
3.2708e+06
4.52674e+06
1.61709e+06
2.94681e+06
795439
493445
2.10531e+06
902275
2.69261e+06
712110
3.79953e+06
4.39481e+06
3.9494e+06
2.89301e+06
447554
309623
3.93606e+06
398243
547806
2.99716e+06
840592
4.48048e+06
651034
2.25999e+06
897405
5.06623e+06
4.80983e+06
4.51272e+06
4.57306e+06
1.77037e+06
4.92632e+06
2.36063e+06
1.19711e+06
1.06018e+06
4.92421e+06
1.60932e+06
1.55363e+06
1.92951e+06
2.12837e+06
4.24624e+06
2.2584e+06
444676
3.15782e+06
1.1078e+06
3.33768e+06
3.60538e+06
1.03419e+06
1.79051e+06
3.62039e+06
1.19877e+06
4.40444e+06
4.07776e+06
579251
4.67225e+06
854522
1.47666e+06
4.25525e+06
564349
506150
3.72831e+06
1.9515e+06
332471
605710
3.14861e+06
1.00943e+06
429918
4.75794e+06
2.56306e+06
2.35943e+06
1.78631e+06
1.32607e+06
4.61783e+06
1.84776e+06
4.10067e+06
242399
4.80221e+06
2.22282e+06
893365
1.49273e+06
743210
2.09214e+06
797170
4.43774e+06
2.28816e+06
369420
192264
3.76482e+06
4.24145e+06
756614
3.88774e+06
2.86976e+06
2.32488e+06
3.83699e+06
3.47547e+06
373493
4.84642e+06
3.52216e+06
4.7482e+06
2.30948e+06
781591
1.05128e+06
3.25232e+06
5.01619e+06
2.89904e+06
2.25299e+06
4.87537e+06
2.60125e+06
4.4758e+06
668730
4.09398e+06
4.83579e+06
2.76087e+06
4.50792e+06
4.17353e+06
4.6658e+06
4.49411e+06
4.36579e+06
3.33062e+06
3.63556e+06
4.73918e+06
2.11836e+06
1.02209e+06
1.96406e+06
855349
4.11433e+06
1.95433e+06
218537
2.53649e+06
1.60253e+06
2.14479e+06
2.93486e+06
2.27058e+06
297104
2.46782e+06
69622
2.16686e+06
2.24319e+06
2.28765e+06
1.15944e+06
2.91192e+06
898396
895225
189557
306316
4.68553e+06
4.85536e+06
4.4172e+06
3.56809e+06
2.70276e+06
2.56954e+06
3.20727e+06
4.43789e+06
3.2084e+06
4.78811e+06
4.91002e+06
1.83951e+06
1.25921e+06
28552
4.376e+06
2.47851e+06
2.17334e+06
1.82762e+06
4.7491e+06
2.08722e+06
4.29545e+06
4.43549e+06
4.25408e+06
1.0554e+06
1.62314e+06
313517
3.96732e+06
2.52153e+06
825515
3.77365e+06
2.44462e+06
411041
3.52901e+06
1.3786e+06
3.97913e+06
748541
3.94814e+06
1.70318e+06
86433
1.67331e+06
1.00806e+06
4.61322e+06
3.51282e+06
2.26727e+06
4.64177e+06
2.40558e+06
4.36255e+06
1.33188e+06
4.23321e+06
4.01165e+06
3.4191e+06
3.04543e+06
3.34714e+06
2.18995e+06
4.10084e+06
4.58705e+06
2.50347e+06
2.58493e+06
2.00858e+06
2.94576e+06
1.25858e+06
4.06998e+06
3.3568e+06
4.7876e+06
348577
1.8527e+06
52908
3.91348e+06
3.17265e+06
139342
486793
4.18071e+06
4.75256e+06
3.61638e+06
964750
3.91111e+06
921965
227303
142993
55174
3.85573e+06
3.17886e+06
2.71738e+06
1.71964e+06
268815
1.71821e+06
1.20669e+06
2.38906e+06
4.30314e+06
2.83205e+06
4.95158e+06
461721
1.80203e+06
2.82515e+06
4.86609e+06
1.76738e+06
4.67785e+06
4.919e+06
197638
2.36728e+06
4.67511e+06
301204
1.06476e+06
3.94445e+06
3.91758e+06
2.02951e+06
2.75556e+06
4.83955e+06
1.87359e+06
2.51532e+06
4.5115e+06
246087
210961
2.12887e+06
1.96573e+06
96549
3.46386e+06
2.78919e+06
2.10238e+06
2.667e+06
521243
1.95396e+06
2.74549e+06
1.94005e+06
4.77911e+06
2.51158e+06
3.70743e+06
3.97374e+06
1.94735e+06
3.90506e+06
1.24102e+06
1.13923e+06
4.20627e+06
2.30578e+06
5.08368e+06
2.64063e+06
3.95206e+06
2.35601e+06
2.38018e+06
342424
4.48811e+06
1.40844e+06
588512
4.69907e+06
3.53732e+06
2.17101e+06
4.79562e+06
1.51795e+06
4.96021e+06
1.41477e+06
4.18494e+06
381450
3.36873e+06
1.44721e+06
2.3215e+06
3.04784e+06
3.57556e+06
545695
1.92158e+06
422907
4.06753e+06
2.77937e+06
1.56214e+06
2.79057e+06
4.70192e+06
1.16259e+06
331199
3.55398e+06
3.5186e+06
2.32815e+06
3.51318e+06
2.52348e+06
3.73659e+06
4.10169e+06
2.12255e+06
1.79068e+06
789478
1.43494e+06
3.30863e+06
649685
2.84971e+06
2.01035e+06
647908
1.11843e+06
3.45755e+06
2.58618e+06
3.78305e+06
1.93311e+06
3.13187e+06
221397
1.97279e+06
2.0994e+06
2.61754e+06
3.1517e+06
4.88998e+06
2.21946e+06
4.3143e+06
4.83795e+06
673440
2.34968e+06
2.0661e+06
4.18662e+06
4.87316e+06
702690
2.80509e+06
1.51248e+06
2.11014e+06
3.59456e+06
2.94742e+06
318773
3.86102e+06
313903
1.94589e+06
4.50893e+06
1.04911e+06
303445
1.99511e+06
4.83216e+06
1.85333e+06
4.74375e+06
4.67033e+06
3.82612e+06
1.35993e+06
2.18786e+06
1.87783e+06
766683
4.40732e+06
708896
504634
4.69754e+06
3.05857e+06
2.57073e+06
3.40093e+06
2.83173e+06
2.8902e+06
1.10602e+06
4.34421e+06
5.00034e+06
4.31735e+06
1.80841e+06
4.93589e+06
2.69515e+06
2.12231e+06
1.78178e+06
2.10408e+06
3.17142e+06
1.702e+06
3.71596e+06
2.52035e+06
3.55533e+06
3.35971e+06
2.09068e+06
1.89822e+06
4.33642e+06
3.89532e+06
3.77605e+06
3098
3.20264e+06
4.48494e+06
507732
2.41695e+06
2.06029e+06
2.69524e+06
717878
4.89202e+06
485434
1.44067e+06
3.753e+06
2548
658020
461407
4.55521e+06
3.35317e+06
2.20049e+06
853760
5.07402e+06