382212
21638
220699
75691
304662
83678
392216
224562
248626
341909
259209
473997
377684
368802
496428
494597
171452
93410
12250
236665
449442
343643
56444
232321
338985
29455
110694
208517
250541
460799
204579
132753
482437
441631
224796
303452
25309
117013
28014
290287
475274
303575
264284
352958
188729
260713
363908
360182
370475
376158
113199
319917
236153
169643
52239
91491
215450
179285
300008
482344
140084
20940
131449
138874
462571
356246
442326
487880
473259
486692
278167
464885
306619
58804
334196
495348
335869
198104
371882
206344
90614
485081
26262
326767
171077
94853
418258
402879
274138
234619
385223
430575
255559
16673
69449
218130
372919
11775
222362
362530
14819
16881
327415
321438
75685
177963
316786
427906
376067
205021
134251
466681
190102
176865
309801
377531
288070
228059
280411
78560
462678
165634
9135
218237
182307
78584
452719
71578
106711
175081
450460
121530
191963
294228
442968
284000
472191
276107
211907
364611
481128
362510
331292
171230
39375
141093
65114
327445
385505
345525
406005
364535
11159
415141
99125
209819
10077
51844
281397
116789
243278
248210
238319
451593
42438
197640
235593
14629
490099
463852
379240
471227
326362
226885
158809
365737
384330
223923
209534
269835
69448
131892
150723
80608
63385
249848
290427
73462
318044
88176
206603
61322
336386
461275
12915
395176
175267
248509
426158
165366
212361
321750
136593
55076
48635
295402
437165
449318
35678
163052
219153
105126
294944
369876
202086
374681
136076
8865
448143
454121
113394
171099
15443
466132
132374
28359
361309
307641
293220
303819
489359
21933
125569
125952
77009
190557
437706
30527
139875
473384
193579
375380
94863
488523
261609
313301
363204
397685
338519
327699
351806
468265
15150
383602
434397
147524
428313
312058
471517
221533
115877
460876
259818
257799
103180
353180
448356
57239
383707
88231
30623
93638
463611
141838
98513
241572
471492
461717
139258
326363
305768
7416
294628
320919
407370
229025
484795
335683
41084
472665
73568
173313
449893
333387
431112
69426
202919
379468
126665
86626
484051
173640
196616
464015
331831
295129
205587
303323
273198
361197
129686
78966
384966
424314
416237
292336
169691
417385
128020
227127
406402
201588
400441
372647
51327
347905
442073
254246
243726
68738
357224
227777
242379
53840
208144
74210
348969
430084
393885
122167
291281
39923
217486
176247
480589
150075
468584
150280
67460
112956
377408
473862
314544
294201
346510
382224
158458
304935
136470
402184
373674
493695
146314
132405
63887
354458
222967
412857
300894
116852
51376
92176
156775
268862
284775
137364
418938
269711
303996
2750
382667
197756
492965
213564
8309
355827
95788
166768
160762
248610
68952
50788
242305
215266
183193
306193
86077
406160
235402
386971
39364
286778
495499
196139
71993
296627
349855
490931
66338
170204
493681
465358
367960
486646
195274
392622
342473
291062
59390
19588
56024
128342
70376
298330
359961
253570
120875
462390
176082
372629
349361
215447
175759
361213
427938
247752
157840
294146
255035
240530
464350
265069
222240
348662
268067
417514
241284
126893
224928
317026
146481
280953
445369
216857
95635
321682
486779
232862
284072
162862
105491
149785
378309
281250
27350
322599
29003
201542
116745
300390
442073
81095
65459
180665
446110
333527
114532
203746
460420
339460
20773
106901
136765
482494
340110
232400
304176
326890
465262
104600
6104
87105
270737
400765
368356
298088
223364
413711
15982
340110
214101
458055
437557
279561
155073
383667
129440
269605
103766
89860
125417
124539
213113
262183
107033
53223
10935
427561
396465
492550
48513
402569
79655
319250
303334
464363
133690
26699
394426
149673
383161
108528
124080
320718
404441
279153
220738
33881
65110
324504
140093
190528
449043
353206
452711
72428
422781
463646
499989
319247
456196
64854
238168
35852
384104
41503
16567
17795
84554
410994
183820
467715
19522
307900
288433
440315
103406
9171
490548
168516
350027
130641
359044
299070
199
311755
387850
422980
291754
387839
258579
247950
469045
496748
300154
353150
38251
316722
387297
139157
227716
87469
106872
263590
395369
411657
220257
15127
437181
227157
183644
287208
374150
59040
102631
374349
370796
490481
313681
178902
394673
72261
426852
363718
69009
243359
216868
123612
76433
120517
279121
304149
207986
385993
84091
119708
314002
320700
134835
251183
47857
334831
38392
422007
393872
157375
312708
264668
147856
142741
443570
42529
215002
386774
406248
300363
146485
139468
440327
222918
276338
219448
43419
484324
121793
143862
104032
435796
464562
255220
186979
28771
90051
241723
467130
483923
399098
296190
264943
63307
438932
224865
105836
153934
127992
28436
470650
274477
167905
410977
497396
444243
130426
40815
444919
252219
184678
65304
204367
165592
320524
391347
194364
410575
149422
161494
410851
64873
474037
192146
128180
412969
417012
234016
83255
45004
262453
53905
319481
446710
481235
333229
407305
111661
374045
352224
380232
75075
417528
84600
240667
238052
492299
435031
164980
158073
112878
92183
222946
86915
284329
367478
499884
201341
117847
83139
262697
396652
153397
98531
343362
134632
431760
250667
262645
305805
102891
159229
380880
36772
243829
121548
291176
252480
72931
456156
426906
202161
64691
166204
305428
349021
33683
321664
66714
167882
404804
329412
64534
74553
427943
424248
209185
359703
174915
471830
181861
294158
131059
79093
347282
391241
216993
138459
160073
289925
94615
86979
8438
159307
269536
313867
24680
319571
135531
91394
487453
56687
420806
51987
131240
365101
476235
356777
241157
167502
344959
423018
478012
492371
2111
325295
399964
219105
463754
60037
25382
74721
163369
33820
250380
432905
364039
275060
268828
499571
382807
256281
72610
319965
308268
220203
185067
300855
76980
426224
484709
421940
365594
462721
430663
367705
304368
330627
103162
284474
390664
128544
359196
70385
178717
125928
19642
59108
417341
288470
58679
300148
44751
147642
136465
369371
367845
321532
186578
444825
264108
171287
383117
129702
150361
313780
13760
454729
144407
116922
255556
51424
261819
131104
138161
456888
257032
157804
15996
190725
462626
91028
490873
23730
238670
143691
393101
122867
481575
96032
67692
245684
267319
467162
391738
434032
297294
421850
405114
458054
55125
160670
9478
333296
291774
163991
306536
65158
338147
322532
255884
300774
429912
263109
324504
184934
406800
233957
307801
388376
329989
391846
150412
113661
359008
58502
47693
172654
480353
452807
130708
51830
129829
156538
385126
421603
320530
191662
3114
158677
30546
258998
459451
476811
22107
300307
161745
428908
34265
485899
333636
380606
377745
484048
494267
253105
42550
58313
425759
39255
27472
72820
91085
157302
229358
476211
95257
49888
184225
98371
224918
214772
357369
184369
191583
379477
1029
369680
324737
35294
355579
158373
432252
249676
158773
426520
19133
217675
1185
461245
256931
28657
34065
364368
185959
279775
356932
297569
329664
41157
395940
54582
272281
253310
255303
463864
149139
256332
349897
490228
307978
221828
148601
256583
487857
307374
183103
6990
41401
200640
484587
298332
229297
35004
162701
415257
314780
19633
229178
160796
77142
125118
231730
349424
394780
487033
313288
60271
259718
179537
50499
84048
401366
199100
340631
389223
22826
40086
412565
64228
240726
397153
378912
470024
432157
57965
401633
263289
93950
130811
424085
171093
272281
155815
20517
167062
142849
350157
227333
418919
29695
277833
2967
447413
493285
359951
336636
32464
400037
265553
113044
140764
162706
491956
127140
111216
66274
45125
374505
160224
175936
298591
331317
448217
454406
351834
131631
113607
201992
358965
32526
248039
153150
51846
195452
162787
411797
48440
195251
328186
313993
324647
485302
493052
332956
112442
104268
399230
157567
495125
59454
349855
293716
407124
298073
264475
258958
446056
394434
477302
305021
426961
241693
474523
495159
437145
137311
423308
485585
348914
251494
315931
173562
236797
308983
6518
365591
413251
422100
23159
408376
497906
389366
218445
405030
203791
499272
180341
149848
393706
157643
471221
337019
399337
445745
332178
352834
99408
271838
354772
448322
39685
170703
138236
276482
479686
161106
158425
409289
83206
197936
334017
81113
87303
52462
2495
291094
51734
182836
440942
461793
356832
412164
298812
256169
374261
130991
125355
473669
419181
480127
421991
458866
150830
76580
235348
130516
237686
410126
56157
337245
108062
390175
434710
195365
458989
437205
486460
27076
120042
443754
488869
476874
355918
287681
249395
230179
435024
391102
220200
354206
371230
158544
313072
22060
235124
64773
168929
489162
474899
225086
326407
82961
131613
261117
294679
90603
214675
297491
134031
351069
241245
122900
327943
113516
410581
93690
360047
345606
484792
80248
216164
372374
238792
29236
410787
490268
94009
79716
479430
68908
321154
305838
168222
469120
83307
479253
76075
297982
276744
210106
149051
34341
333006
493346
147857
259939
103388
24257
121897
104533
104505
338061
476907
359649
367298
387694
349917
477659
483762
329347
62920
321269
135185
247494
306741
234845
226747
382816
32827
3491
92922
181879
54184
442280
191577
202042
202219
294966
226299
340469
399499
347156
178530
392758
206805
62180
296805
73074
39840
280567
402421
119112
118188
53959
366606
424929
288804
109705
324097
337983
113196
417019
36214
167380
375651
227792
385774
77871
22758
128425
418340
438609
475581
113222
331367
198738
191755
128172
271812
247947
425092
174234
367059
59632
244545
250017
914
33349
359722
325011
387684
472918
258383
423899
156650
134034
151691
58777
228257
190801
187202
162949
129410
179136
292524
477129
377874
484279
121654
149687
232226
63098
323921
99285
122730
68466
349302
139996
118167
209024
465008
5851
198294
239743
446102
371296
373777
97793
430073
118387
304946
133628
281336
434356
312764
90212
427838
190638
74491
49492
340325
306717
128942
180598
422354
251672
265416
271656
391669
399935
497032
373029
422139
195326
112772
368241
82975
2901
466035
29400
121288
270981
163028
418977
221690
475792
9189
165880
182783
100033
231724
23108
406750
360666
220059
329105
128690
485475
117113
36711
401763
114146
409740
323902
325824
38864
192143
425151
41766
174530
454552
179406
461864
133932
114735
199906
109725
140277
382138
308860
240310
113862
348320
163412
474528
68379
8869
119570
70207
125983
156282
471970
256481
82374
312224
98657
121239
20719
40161
179357
211602
494713
358763
173466
128645
489851
389724
254722
130128
271862
63582
386790
385724
411903
50202
376604
496634
75424
12526
83193
201407
168808
71515
474240
251183
383739
89249
388774
404459
129410
68131
116061
140475
443246
305879
269121
449449
211955
40195
79577
483817
103778
482719
385893
32033
49274
262497
45019
124698
291375
128213
342457
460184
199728
316697
227719
99820
422298
116493
20631
51709
200976
136692
192184
160574
458923
477657
110024
170878
17853
205953
154695
137983
205025
56940
170016
254299
335789
231387
378997
127164
359600
221454
87348
75681
54503
331419
175501
493153
464264
196132
61214
181592
349176
269751
342167
308099
247408
468543
495329
281613
174496
166376
419596
395873
223316
105964
150172
59105
337352
45521
186269
213304
283327
289970
288985
354182
137741
480838
347336
102006
176970
408550
283598
26146
178301
142117
350597
442062
110660
362278
223675
301509
28654
143272
197382
268322
265588
347555
343779
119292
409428
46401
332597
192756
336371
121582
46938
474112
102421
394274
92470
295743
319177
376069
338242
497478
18186
205191
455892
145199
67470
179568
446708
112476
339192
160442
380799
121132
7997
224578
240425
433778
270979
73022
126534
123702
210956
173472
114167
329729
84099
206637
125473
403276
99058
480067
417106
133597
185258
372999
278796
252728
68919
241856
365205
408111
402298
262356
29243
426648
486934
286020
360426
274266
359042
486960
414320
69999
176784
28487
416080
260883
251477
41553
180511
350535
21620
97618
484
223231
486969
295632
475959
55888
53840
357516
480351
456139
136224
25946
399139
123159
311967
259565
413777
171009
262877
328097
257360
456013
372937
173441
233249
124414
231346
413760
491301
269319
27730
8138
492550
14699
303770
484861
86939
357611
358730
67290
330102
494954
93237
229241
134465
405204
5158
48242
92565
284387
392692
366278
240400
265629
39719
473649
406395
287417
403762
397696
56736
431492
405834
65638
462544
225957
50500
49483
83568
425582
133126
430022
420536
242715
159263
55002
164271
164421
119596
256836
448808
12288
123114
205560
294269
179185
195562
200664
482955
99324
114713
39691
47168
20547
121682
26064
262856
188534
91900
346424
114116
225026
292798
34652
467741
452061
89654
148364
132834
225603
405200
97994
254243
44667
303555
48513
240204
499117
265529
223159
114793
380242
279203
178313
417142
400885
204378
179998
89419
296278
42775
203535
37656
335573
254539
21749
303987
360546
170113
436821
86149
91665
51168
340392
152684
354723
405257
409241
370192
170787
132400
1337
67381
427955
179650
484523
345192
400380
180874
450963
196658
223649
170850
250666
59222
425390
272415
379561
302288
458880
316383
388437
50546
367551
245181
203230
238626
166791
112471
125170
353930
261224
126507
421311
205531
322509
422187
67076
222890
103061
18039
435900
326710
188890
186567
402284
130632
475334
281846
432920
434215
114581
337709
484761
498484
99242
204343
237110
282385
333167
378632
136315
110743
21491
73979
316274
344000
496166
383350
83242
115579
417742
19143
442289
122984
222062
360925
269968
197396
159123
219240
131611
290056
56949
132724
288540
172543
337068
42002
454929
170235
420634
107596
297330
442125
181575
113604
302478
194093
13307
385720
309672
431049
404863
251961
70385
126925
129239
340353
340674
304714
59593
472285
94771
132894
105010
383311
305437
458430
425314
276718
145017
345948
384315
442347
304426
65890
72303
106904
259984
101962
492624
69656
49363
413840
337970
119748
57117
483561
460101
397791
288275
19694
386429
383046
168940
491439
266358
474378
449869
208024
267448
111238
70324
151763
53585
374750
234006
125888
498006
10342
227851
6983
96350
293566
420823
450672
413315
494292
434233
373416
408436
222509
409463
294865
121907
94755
302656
388265
69133
268877
112641
336582
380115
182966
4697
433700
74068
238703
75940
72075
265397
320143
95410
361748
113710
16233
312420
43377
26877
246654
433145
435313
485515
358960
230178
107422
453716
49186
12040
22849
318063
124681
375783
198178
323999
396833
148230
398068
151888
240523
486495
417286
60666
81905
279034
190728
114490
107806
234105
141367
370812
183603
93033
356327
42563
339563
480102
496279
388750
492142
35481
206813
133175
427616
421344
457175
324449
69574
371595
476338
310097
358090
393624
387116
439995
189010
94196
54485
313168
344654
212204
183981
28257
305237
56660
87172
161153
53114
83452
49903
61608
118933
256716
194784
62901
194412
168311
387351
263987
39906
380041
90436
397996
290017
493904
337991
479027
88101
408828
308547
449107
137384
492528
477364
458974
65541
64536
120127
118655
164340
170030
180264
299625
443098
375048
362527
137511
43359
249878
417850
99617
146271
8286
497613
436288
18543
351956
415315
122996
277136
223862
72103
414520
232743
65819
373494
298284
146707
9973
416939
311048
180003
113555
110673
139454
4955
489552
293317
48314
255782
211167
164283
402053
235805
161896
338341
254348
30204
270008
377344
307340
10223
465799
238213
242966
31618
128059
57602
178326
138033
490893
5726
334388
104449
132751
473842
109404
122304
267159
174071
378086
494678
338354
296492
246836
16603
134833
17536
46807
421194
411233
354148
431417
377032
92361
174383
425003
220420
248337
103329
374805
239230
125407
209194
343679
258158
183036
469436
380462
466548
143507
274901
477578
498213
87745
224414
14816
238930
258303
61624
160124
169536
432124
91541
46568
40837
265924
487923
277609
30613
91252
152415
269844
216659
377961
129875
491170
77349
99311
387984
60249
259170
162885
37828
257384
266982
278594
288552
5913
36897
350176
166037
206433
298652
257579
269354
355841
39855
257277
133451
70469
364882
302218
340313
97893
196531
470188
89063
273880
85852
477048
334130
345022
156285
371958
102406
423268
166904
390959
429181
203802
257487
95218
426587
72492
369149
212293
428333
409005
485923
78136
495826
350805
396706
352491
448698
93237
322679
54114
367118
424883
31162
217600
269906
203799
105910
388664
127067
272814
295975
72600
492968
69815
184171
419556
158659
53320
148201
103344
478677
134124
181481
474503
484929
94539
326994
449980
187777
166026
4094
71247
107261
51608
305199
377167
255407
411109
282184
398827
183923
94511
471427
193244
180678
171950
112800
339337
225271
277353
442682
220300
411478
140515
211156
412759
235054
38150
362739
439183
220528
383185
26782
327790
451145
331981
221309
222905
243090
19845
121732
443366
114357
109511
136610
311387
281462
265762
150725
23085
43115
109759
243385
470945
250274
454541
383705
1680
9044
262796
440864
229572
145982
483998
73714
113479
315980
295024
336384
75422
331221
474468
18788
461930
83980
171750
273318
365442
437512
440395
388527
496980
50154
148264
467925
300428
102806
351630
318460
111850
114427
275676
357774
276761
259675
447841
390240
92007
259217
242977
167429
90438
217445
202570
52369
317777
374320
325687
183219
328185
266082
88098
325165
332588
236363
309442
149368
355521
177425
467828
483723
291852
243505
341497
84965
19532
289338
491557
111539
48555
234534
278968
155346
468332
481538
207715
286109
372211
49754
485681
200396
332188
73779
41913
181128
326494
351355
330496
182015
28780
314676
165738
336984
74533
23588
421949
94065
329278
429859
221956
394186
180745
17277
49532
149077
15167
273599
451539
387378
339705
437220
87774
188245
27351
129687
369373
370198
497395
216221
52213
26175
30897
234304
363160
105431
274244
301461
215848
119874
231320
437805
14060
412066
455082
79944
77495
470249
369895
29034
357628
225952
482606
461754
414197
9958
107794
299922
396508
105189
16143
448721
147716
63393
199377
10876
168824
489973
328690
384672
109848
60010
322477
140260
488428
293911
236557
65924
264161
106452
111310
138141
348757
93917
116247
279306
120227
224041
79229
16735
345582
111724
481808
493299
175117
197538
20527
360293
187511
349217
244966
313711
425580
83795
470324
414008
377707
206881
496284
158220
329685
107595
296361
178442
217864
428960
457749
338091
153002
53330
371178
14936
181406
352986
8235
356524
50524
45115
233169
254388
410684
494487
68099
336264
78283
38423
266625
472342
261656
262909
130562
91342
386856
443275
286136
104720
372235
260237
442811
41589
313567
313989
72878
11326
183328
81113
367850
250204
142580
117371
4592
53265
111859
89044
389529
190142
143819
172506
178836
405476
435416
309398
13170
322272
269025
299306
426993
157612
59544
386156
215554
389463
216498
288432
400789
399826
385897
284991
150030
28478
402363
170975
81743
14222
260019
487624
220716
403838
160131
399552
325666
111899
225302
338836
450523
10679
138143
377516
168291
214039
280025
400197
103502
496523
188629
4292
412701
90879
305635
62731
119357
207998
250058
217452
238572
10077
221428
475640
430268
397911
375192
255934
9810
116846
94771
460334
143877
249266
354202
328521
463305
134227
228718
66807
147102
433700
87451
59803
24579
393087
138887
143936
117437
388945
377740
372362
415375
99168
348002
345643
497080
239547
101577
23242
356393
212700
483576
271
461966
337779
328792
425271
488358
73862
8431
135461
7562
95882
211616
32141
5321
366855
192429
139111
255801
70169
11473
171176
185690
375827
33171
182770
115374
134748
206012
488120
363801
205941
4743
325767
60072
349887
251039
48430
423749
275822
200243
431312
388056
411860
479805
393378
278715
172235
48841
50868
242404
76666
238396
444446
452493
271567
127216
67868
422668
349581
55988
286469
71874
60731
112236
131946
410618
379627
196728
334367
171801
396972
282031
59858
325184
261837
469588
103899
434072
18429
171120
192828
95095
409516
137275
47588
197436
280843
115456
120104
146776
187796
422925
218650
248527
35161
366948
175497
431141
63677
26217
119294
460649
308248
179152
302185
86437
148740
406084
36861
183521
93556
246042
278616
3073
399669
342557
216861
180512
474365
336965
343641
162162
259890
78643
427041
311403
461944
102539
258896
25621
128756
378191
2622
453356
57343
304807
56146
222436
227243
93007
405957
320800
355401
184574
340225
255070
43483
57086
451935
17848
410403
295576
196362
170293
390571
123404
498048
352515
242295
256945
394488
387403
151488
397110
340759
208831
218269
413257
431267
445513
6265
353577
282665
361666
54503
139242
116737
97986
212680
85024
115834
123083
380600
312197
309728
287523
451953
307776
156391
194248
81073
50879
81651
232561
464342
438762
457745
182611
352020
405364
144476
374637
258941
443493
236303
313444
82735
369392
427782
295415
470768
59969
434850
367720
372166
244578
155244
340471
68707
311635
34719
166132
378866
132722
415046
343208
71484
372791
25820
423504
294507
186648
298141
53449
130142
50797
383245
212877
436541
311028
24645
407310
370997
459495
275030
259515
220426
446626
116338
305485
274613
151057
471617
153480
283779
403015
496688
355263
292158
38860
295120
86666
225509
109613
156467
355651
176762
39712
68528
113304
367092
109525
36966
254441
69021
328348
30308
305799
274975
146646
111284
49588
314055
99253
219420
97834
18621
216109
469450
310779
254969
280922
397445
480478
390535
53912
352481
67298
109977
437362
196954
493421
46887
233920
247863
132260
78620
294523
438059
369947
441170
65695
435888
255225
181301
155308
369412
199922
371417
338862
27053
142739
136136
424499
139569
26671
494763
492051
110321
121092
429413
307275
114514
492652
57547
378729
124913
136168
173252
79324
6115
130774
161372
458355
386000
359025
113664
255412
75299
485081
110626
102352
144172
246762
43203
283742
289785
54319
292145
400107
175411
221558
223734
306277
230562
297634
201358
371827
450154
374611
451152
472621
21737
128876
430977
407737
487901
44641
179501
63200
29722
306479
165552
190247
69593
225108
473989
359379
279427
266134
275838
454838
4044
15924
277468
234606
313558
478826
106434
263712
369789
73938
236334
391527
202814
167311
315616
207067
211952
495118
270267
258026
317949
452171
448273
387543
177279
438614
263274
456706
221100
55464
427897
225144
87740
205365
476103
401299
200543
98889
181363
70333
189179
417697
478212
391993
101360
293828
115412
329664
305298
385679
104043
123248
354202
68668
27143
31482
7283
306769
4540
244735
378585
448789
469880
466325
170506
462335
367624
371050
77576
65340
457735
266755
499389
435947
175100
100750
246127
290512
446766
51426
176191
50809
191026
30393
119478
234521
78227
143113
41290
99120
387848
436227
64261
374080
402552
234768
336415
286529
122170
430343
351869
96257
197098
351258
48556
372198
468360
294683
162710
415127
346109
355253
465936
53487
401999
101766
288008
496578
244879
345650
95698
132728
281877
176312
23160
184430
411080
375928
470959
49602
306271
339180
145859
3370
190438
194415
375568
158799
5450
54631
73926
351560
409884
56214
421399
311883
157981
209408
324814
402860
55058
436864
51940
353288
113176
75101
37718
40608
451029
25029
90210
257300
364209
252421
260670
70999
463188
152591
246150
468639
207222
320076
336551
133458
392643
257950
461694
50624
483710
286508
453484
55121
223372
21777
408409
336549
96878
462479
377157
64259
487508
483720
321559
368069
252493
98582
455420
232034
251173
201571
200673
474747
37999
53576
124557
430642
327878
86251
481266
311589
372759
451103
366710
112484
472880
275119
465385
69758
253950
358894
134017
257810
342614
471928
125879
111460
70510
97651
343494
338035
299222
60519
329134
353574
114095
453692
284216
441973
39943
281835
269914
429055
249290
152976
41539
222170
444447
6924
308280
198397
365818
458649
456207
224785
446929
98438
352597
17440
196090
196091
371827
11664
256610
217314
365238
387057
187358
165807
345382
227301
463994
115297
172708
213284
268273
230599
435454
212721
253875
260086
411118
136046
218735
383678
377183
165664
482116
229780
199456
178206
425871
87636
189871
198833
321302
71461
85890
8660
237268
431272
252313
217614
62921
425022
430898
347547
171973
382704
60268
425849
142790
487738
61895
377877
371416
455430
59894
369885
185210
275702
48091
111081
379690
254314
326266
200992
325776
412156
209652
79396
359780
461966
297011
439054
403340
244261
286601
75313
126966
363221
17514
286108
367311
95761
163986
255080
51191
240232
124965
236401
15934
189408
363834
395625
443723
190100
112969
285851
118608
322622
365247
494741
300940
178610
450147
204280
422872
236748
295945
49838
116321
313460
352298
499984
425573
16284
255064
476765
272868
396381
213166
288803
85790
93353
200780
45865
299805
313749
331716
434766
152723
213315
429507
453663
391926
379654
174295
314798
132754
470241
380988
265427
300053
233286
265411
225626
265923
36828
202391
55143
433209
431910
343946
35351
41615
61078
81216
341420
391180
429284
276186
43903
142600
205693
497567
34526
101699
188214
365676
250805
158455
246664
32584
474860
496302
314348
216839
278577
351176
419230
333721
300737
367492
194019
352441
409107
255098
450009
250528
162630
379294
43066
206533
21894
265112
220452
72772
383163
408667
438448
133969
83474
201464
182905
74687
214118
497253
291526
492696
364781
227108
342769
181871
94601
36788
34312
20060
308238
484321
286940
470868
379967
330007
177402
418213
95119
414206
490985
494634
322873
445785
144955
422700
163601
327861
497387
394072
341466
288913
386768
206248
32373
245889
388119
126974
282677
422431
163387
90916
423104
466679
78136
303072
296686
255538
237637
408157
186097
228623
402792
8970
190760
47747
448022
370714
391960
461761
264786
233427
250674
167906
439675
299400
413795
344146
426374
196472
282929
106113
303740
206033
72793
381877
25457
385831
153767
263095
293989
339864
8070
213133
365187
198830
260880
313209
85896
169193
274971
350682
402620
41997
34940
342295
341397
448735
186441
284124
161560
469370
406589
481652
191755
479382
363529
217213
381566
33649
496660
175555
373513
4730
405040
255052
219912
182272
84614
305809
351465
375937
172843
254085
417934
207784
112732
275684
156519
299173
76160
334431
284895
482749
316084
493003
478484
195965
210216
360050
229614
223228
51957
119480
244310
456997
374532
464222
139269
459146
286383
490735
335083
475579
261172
269370
183363
373905
61406
356234
189430
137566
207018
474326
136667
23102
467329
115151
219067
193897
491553
465034
433477
43510
84514
177787
16859
459046
142009
156129
434545
444745
163216
285980
420324
440740
55350
120039
314645
116756
476273
4076
270674
183291
494754
407342
222745
478435
38845
441813
188684
30399
423199
122161
90261
7713
316300
107121
483111
474661
279602
417656
419406
459170
203637
356082
399910
275339
476121
230908
392096
468747
251336
162770
152038
246090
86464
391136
240877
125310
349301
429561
155709
272500
68074
262322
280213
384374
369443
279676
359035
165397
213685
294794
124567
417322
150876
40830
209013
126998
271738
101109
95745
23074
280232
264135
285516
383048
171623
42745
8358
20924
472306
180419
293424
56732
442742
89989
457458
328537
369666
316493
493935
99703
127639
134854
17025
278516
175684
242390
421866
463774
359852
33963
3200
140084
314450
288716
23132
486074
331461
47843
23350
320119
228262
316775
393203
187356
423116
350661
15894
309134
183507
9829
408837
311146
144683
442214
89662
336720
184605
11528
300494
44457
45491
320047
200893
376294
125115
240377
362368
456577
288220
385718
293048
32835
218845
186252
220191
158314
53265
252437
467448
236772
278618
392638
47919
423302
351204
137581
276374
35809
165462
93220
96618
227305
413267
313863
103599
38383
54241
482319
11312
358813
384390
320712
408000
119587
23316
144544
277901
76582
396981
261702
313354
175600
154340
377625
115254
21896
31559
391628
57706
197021
1200
170676
440678
430820
484540
60630
469203
55133
42949
496867
430298
443691
317579
338299
63279
357248
499195
341180
433830
396176
102882
263536
71776
273574
141162
203382
295471
172721
111362
369529
386094
112563
56557
326772
43383
57449
403754
28938
112582
446704
42157
59233
406747
359736
413884
470026
233336
413079
327559
167166
309255
446793
430703
397384
220368
88217
100766
32191
277290
212129
418072
163384
341044
490981
6508
400779
48431
410263
446069
177365
373319
488226
252950
280066
364314
166834
250093
97651
79913
77652
264817
405521
24445
211872
302905
261165
316441
420023
309708
93731
148504
244132
257115
5900
235114
263624
406679
299897
173887
352748
493614
47206
340974
246565
343624
205289
413399
110069
302940
9665
187721
84109
415186
228519
312334
234443
6036
128775
154466
332097
222507
319323
76229
495974
325223
327695
259598
231903
143944
449837
101003
137559
13395
458330
384124
357020
179971
297523
467089
499263
323540
171163
83372
238726
416034
412058
473169
438422
40834
143988
270519
279693
463311
363101
275667
288534
207148
35266
36789
351093
1455
154145
488652
14851
112475
372776
371871
308798
186651
355312
308061
10192
26475
407785
265270
442509
319844
238440
380932
360678
398780
167803
140371
362091
30904
416038
166977
238053
467656
220119
105498
469112
374264
94150
483963
3091
483278
372186
311889
186281
227498
119950
196473
270326
44087
478096
229187
363931
232888
126471
224609
131668
294275
381332
493759
341531
313723
160736
95936
281379
397207
201434
266843
287823
295584
267158
290914
278862
139344
119155
481496
383195
255457
194321
153521
299545
172417
382708
163476
405305
9180
404438
36973
319807
302122
30732
161338
115845
207821
257275
413577
121380
475061
180420
409204
270646
447579
216470
65860
103275
351978
47356
2822
107435
241678
156343
423332
430447
55404
103161
335753
64584
7599
372726
400743
326073
419811
62081
441919
143984
335708
371848
265364
310770
52268
190920
97768
16199
407391
179980
135827
259369
243689
138649
383156
1719
311345
306489
432166
366749
426002
267919
447685
433601
156998
348428
276026
93161
426861
217945
253497
262570
89793
35213
89692
158414
226134
187460
190965
149877
367440
343144
409246
111129
481794
292402
112848
293139
115243
61367
159888
41245
345638
123925
491198
18988
472353
267225
112149
399214
1522
381998
178136
107668
417212
267828
282434
159698
455288
473399
309575
339081
316544
218821
466562
314690
27575
79411
124181
159171
140778
300421
200416
2768
424346
207967
21757
396699
491544
133906
312265
9418
32257
6754
117086
449469
274582
415872
109167
246223
405624
418742
85304
238520
153915
51866
53210
197842
147629
177391
357013
304759
477812
73782
307528
402158
298101
329285
315209
289645
479543
143826
299063
11800
150580
432502
477621
425163
348374
86788
187738
253998
21882
273042
492518
192149
341260
62080
389992
5242
239471
263357
326353
233635
353491
133881
152145
151592
479518
467354
457589
459062
127533
273005
487214
278113
205507
464836
219628
70233
67976
423718
324232
106211
213112
333102
298360
54373
395183
204704
75967
151006
484414
402320
384642
337905
52554
36787
5850
32072
20494
479791
7486
148027
252796
11053
442492
474655
475889
178473
44889
60217
102191
369121
166428
315304
218575
481141
386029
113758
202197
478348
264765
186611
380668
149407
40869
433222
202546
63071
481647
223040
42862
5485
387419
295659
16538
346264
286666
8779
24737
331555
68997
143280
217028
251777
474936
435604
232918
377317
65714
435116
355665
330479
138079
236334
496238
195300
185908
198785
258371
183907
438177
301234
189393
325597
113245
222283
171861
399911
247415
212950
247819
332764
356230
464847
84541
347519
416803
333812
224836
482518
285280
80502
312997
423359
333188
309236
135012
19096
24373
393383
219356
462550
210969
425101
288147
340566
147384
476360
240478
394799
189310
4649
243915
61893
469496
328457
409412
386300
178621
134248
385170
463901
231102
198167
403612
64290
23755
38624
99739
64480
448360
319095
27031
159329
244196
331530
499896
407932
307891
256726
319084
13553
261375
62999
75446
247223
407808
1210
149875
86429
135459
35045
66682
382913
249565
470295
463556
289672
25271
63295
354153
473631
398742
381184
132961
142938
229066
149209
67222
36957
405935
386306
50511
183662
465658
142309
430885
373466
143520
80761
459896
295331
132158
26578
178244
381723
13225
141800
171396
38497
221447
41901
28480
120189
423085
161441
279479
152151
327002
346702
205461
232937
249360
272324
416599
215018
414633
363837
104837
74505
460950
64733
369836
93108
107663
48081
491184
120889
206233
178932
159386
444033
220833
204218
64222
160270
365660
360054
328773
209014
223108
34234
441952
472468
322910
374903
203839
253896
238740
308676
328401
199690
389761
198238
292799
497424
262671
300335
118313
485256
479267
294051
429289
200100
498270
493512
360370
380282
369918
189143
89296
93026
239730
47600
81846
62640
422504
285685
316536
161244
110713
161290
360935
474
359528
170086
14251
138551
486773
148916
123807
466040
459320
53097
182492
457590
62961
59214
354224
432879
264709
459872
25905
4439
7473
124103
83432
446329
426141
416320
123925
36854
77610
1212
53681
453490
171298
67932
92041
158071
233200
215849
140463
192520
268946
322955
166462
348259
398521
20686
281138
163231
496911
323395
184022
20736
447498
267454
467065
373639
200127
107342
426846
277737
108555
480527
231228
296205
64811
323269
470629
314363
55470
111092
6884
340768
450400
173346
189027
348921
210385
470165
28504
207296
309912
212527
244384
257411
496333
211449
147402
196460
335143
74248
490550
443698
71127
238130
239904
152290
77751
210533
466654
133222
337977
473538
473990
288377
146884
163018
153651
357269
149535
198507
80917
459448
411034
325301
233211
423720
53102
396965
120180
388246
471214
127082
331944
58693
365212
88200
210984
442964
298733
177638
92538
136711
167528
66528
441440
330764
245898
111443
204386
411786
309951
285303
387586
237337
126957
120797
161057
180059
17762
297590
84657
5328
441024
432954
64022
306237
21154
291358
265553
336240
485348
374443
472951
152876
457323
430743
483640
203222
58539
188026
131360
368490
489682
18946
122179
132991
156095
299589
329402
190209
113531
414060
195538
54555
347014
275912
377144
384520
83622
142697
220760
68970
33492
210063
221846
490816
140807
221838
210390
215698
426217
341750
100540
432251
377048
222719
65242
33143
22308
394644
223352
152191
308704
435242
206747
172070
211154
83891
72943
294776
242941
293703
380098
276433
3767
101944
283601
160926
340135
493991
376624
282704
352093
477164
214955
229141
216235
280197
262284
254896
191193
485637
407087
499898
420879
113834
188320
148386
214078
261263
459514
473371
71319
339613
249804
91438
457909
33406
268716
298044
43749
161692
80748
395843
155208
312055
124984
371443
92252
387269
142691
283446
389258
49779
299696
310137
179965
4368
474875
410395
281984
450742
383766
353303
290355
133571
461093
248264
183329
229809
62661
227078
391501
159761
122921
46709
471817
264258
434504
80421
151527
77196
380219
40785
126975
196267
367274
323292
200636
358502
233688
498972
309244
117454
368627
99599
267377
329720
364215
450706
75881
443228
194137
467382
119342
333410
30443
107511
97668
464947
187932
249195
42143
84504
306332
185470
280771
173607
8763
497759
32109
242451
13083
357705
376257
381710
457304
143635
227782
337871
110693
303663
281100
304830
287397
400442
138241
317840
7953
235909
282788
212237
1457
324931
313093
307789
26754
93865
497748
35517
107976
46209
294320
121060
403914
170577
19122
377570
314212
246905
215442
424906
66920
12894
246088
354318
429688
384329
172158
437641
136591
471298
166230
154400
312582
479324
478541
339336
89541
476290
374853
213869
38851
185525
351281
459118
356102
386756
336688
186667
150013
68482
111573
216933
81376
374013
71251
11064
258343
259762
465057
411286
247412
147640
65686
59994
143316
44227
399330
232857
36869
290535
463078
92073
476060
314360
51191
348515
201116
404231
35182
367481
489066
163107
84414
86794
37120
172018
114211
311815
448132
79268
239453
195544
243260
305139
255539
386576
365719
171221
135785
418940
478109
98864
11013
470521
429576
78556
319036
147044
499140
354218
14525
4558
33677
98939
91352
87150
287309
205563
398965
235441
301184
138419
430986
44444
459910
202877
431021
341981
390450
66806
260922
368559
182022
288287
339081
111598
383196
174469
274994
398688
45040
289519
403246
78717
404811
494598
165867
208472
216514
81185
443914
17698
235956
391252
62142
195866
110481
9515
37848
931
92674
315122
385843
274696
103409
241276
402647
486605
415745
177641
385293
460785
483513
304891
55855
388324
315842
238074
96796
32356
319259
57062
50054
55215
464666
128548
267434
75147
154416
321634
92431
247090
136756
478274
21786
256517
219550
440785
243123
151647
118427
144768
112433
101940
466012
184640
6616
281854
422714
119764
314210
258326
193179
380616
329893
157845
25516
97327
232993
179932
418961
341776
427022
72069
320050
465161
328587
55952
405946
88062
207599
40725
249182
336384
159017
215194
21024
165633
497048
460091
301750
327610
234769
494929
208226
64662
152774
233743
178342
402119
413675
113655
243895
357050
185725
80297
322211
30664
152601
244509
118726
360201
301587
367908
212937
460604
99455
250314
142590
96503
210405
444340
424114
445174
439269
148692
26188
108395
382435
204530
26867
312463
318186
287114
169513
20263
367412
8076
50927
20013
268937
186005
396566
70524
53913
125856
47481
169720
376170
190071
266224
102927
134411
206690
64453
90032
355382
90641
214779
254170
311524
241646
66633
146062
28761
252498
166325
412525
276926
233604
448890
45863
419609
361809
132740
489874
487665
180221
159595
363835
370292
442171
466762
21055
148861
47567
127439
20595
138208
342218
291117
449732
100217
357750
112146
128978
126600
278471
41503
403526
28427
6745
449390
464388
368554
82130
454263
356219
262351
130210
236406
148995
72381
219520
170050
237594
267087
297489
258189
421648
156059
65659
371380
256276
423409
499879
385254
66362
278350
443109
469888
323130
466207
435630
287518
334761
17760
241781
207333
296463
388343
443739
461810
460724
163260
131860
198318
446699
445701
472860
368347
101761
38519
256080
374389
478280
255959
275996
60994
50661
235457
30883
373791
201664
466513
177662
36426
626
435795
243759
313441
324139
203850
275252
284863
383462
423464
499534
330162
369166
488746
214861
487279
43617
470941
378020
38249
243252
154016
99244
293914
389474
130127
184057
91138
112992
361719
127564
129970
297515
387675
443412
121654
91526
235016
422869
491340
174832
438755
321502
43998
427501
52716
47629
487470
23657
425650
25720
266910
96018
124964
77176
485492
271443
261233
76631
400787
139305
220547
30758
436820
124575
490522
74826
216101
241890
497695
207441
416722
436451
45296
477073
380304
98012
41054
367775
138021
483056
393495
421283
79075
34811
14811
64567
322606
292397
157550
239745
431702
378098
286855
368522
2673
293729
459700
235126
35619
457395
458919
468694
410198
20567
445767
290503
134931
3173
158278
272953
486230
68125
210588
65305
119288
225400
146224
458246
17797
303775
197991
449499
181873
484847
334373
200898
278576
294073
436024
330548
267820
411295
299242
178019
431863
261361
468522
66794
264534
143152
356099
250764
211277
66688
316069
330565
308440
462294
288811
326237
282421
3154
292088
464294
488001
142813
181544
282930
436886
133920
113478
204706
45215
429072
399077
493430
190433
367599
76577
454967
10751
432676
205732
238380
15716
38153
85297
324156
16799
390460
166745
299220
393615
458833
279866
397968
101646
477762
180898
54884
111682
310728
275943
173250
239800
175020
166680
430233
58972
243257
401553
86075
192286
123637
324456
208002
161790
409753
48511
194942
300214
215256
10514
193829
190442
290381
108149
308440
284495
305400
363325
396178
116128
155620
69428
372281
330640
236108
318866
405964
495718
220419
492040
188004
344056
316496
396006
22199
242601
460869
217141
42815
176126
227655
252996
382920
34388
361146
191360
318884
166546
71037
231414
299026
226657
300842
171307
57298
53302
6526
479614
49020
226945
471654
237024
87354
304502
149383
125905
47104
110252
343046
106271
302730
87053
359268
185650
137794
236766
393363
473030
419664
464400
204444
218690
191058
21638
406350
264708
91292
429228
244322
140313
172525
232329
393689
259879
36831
59424
385784
83935
186029
245182
206559
5111
348588
65827
190762
2734
318945
100477
492116
238609
64877
196560
473651
272287
234550
396353
36995
325842
325581
297670
482507
498107
29999
376197
274338
66830
451973
176475
167118
138002
421657
373677
143114
286597
455856
350228
305683
291153
467057
297799
29762
31934
10711
19765
304222
245261
432471
357569
87456
258052
155239
69963
272511
185238
462512
46850
268421
414486
239677
435539
68840
161334
325568
228306
464284
297776
94886
269967
88929
61943
67767
135043
110230
94830
171160
414452
340092
103631
272021
443900
361684
443613
13863
150547
128851
492728
213749
397272
423566
453426
349163
492406
131113
191083
237065
95397
488859
348303
381716
94140
410247
465835
229183
20477
60666
400344
451281
400758
3975
239654
361010
382011
183267
374873
48911
328471
367601
262660
242095
307519
216087
91259
316278
363552
298694
53343
475301
303906
401646
357017
398046
328245
322853
143582
365074
399871
43926
332707
316981
64253
72362
177991
462617
271981
52864
27880
116804
436818
290540
358900
244337
22979
466511
60615
386531
265205
130310
361832
69111
48309
235202
483510
376554
74407
127092
257981
474278
187370
90688
291259
267975
179402
469250
230592
467736
38466
258472
84540
475284
65365
459792
235974
104696
426303
312941
7580
207861
443252
385764
293324
7913
120966
276834
384467
195373
420278
142448
186003
107648
249489
477262
391976
428891
446512
138920
396627
484979
397393
497520
476615
479110
457312
212589
100158
383616
41883
107738
107829
485135
493503
417505
493048
130821
210692
393867
342547
130970
52668
28550
254971
302157
5813
146947
231048
468677
285867
144028
470008
199612
141548
446624
195074
98860
175565
295233
498828
217448
402971
123009
218935
412826
40515
228335
43648
251207
122203
386195
398529
191223
431097
153500
493380
453262
300447
240780
438292
102667
401160
408300
302279
42708
371276
13706
141569
46842
308939
156749
280642
211910
279759
499578
141089
336626
244265
184737
87833
382820
87284
486362
74043
34733
139863
83775
487996
456662
340908
426288
75681
242068
350940
394313
284777
222217
408019
442698
285411
216958
115799
66053
445220
395558
81983
86309
232184
326249
287398
336369
225421
391034
322732
299465
425768
478947
399592
413764
451961
240500
356404
43995
482569
207344
438308
283698
445913
346327
242748
231324
79637
358547
297378
24857
270458
395713
127519
2642
221962
431269
355364
447384
322304
194448
263201
248072
189747
179145
178188
141708
419646
50944
185703
418567
274640
124011
218617
220554
486690
461365
451878
66327
319912
265608
107537
90370
161322
251408
109365
399636
182677
481081
363372
21333
175529
142925
285757
365276
322071
463945
23336
241717
31241
209040
176636
305882
349403
395253
26436
352446
356618
494666
435125
192882
260275
59014
299605
437949
326774
425322
337585
9452
406403
217310
47137
98284
360235
332895
463560
182306
313192
486896
440375
344434
212288
117011
166668
78044
28616
193104
446842
401586
204122
381967
110821
480749
457334
410426
418698
284108
352100
272636
309912
258503
489946
357050
373139
366533
189945
336699
65192
19489
339947
5567
363923
68588
138931
30591
146632
183899
240047
93474
85486
460522
491793
196307
441271
449127
123085
376322
233236
475185
148958
43148
250040
155256
416550
123179
38141
122847
476230
103333
142337
316177
125253
22612
384765
264184
69556
47749
464435
325955
157575
49921
286477
149369
262580
227749
114848
402017
104071
364436
377202
269381
407585
143594
424637
340487
283125
479130
463335
275707
82464
105672
108237
207717
144636
9354
488253
214192
73456
452688
40148
231031
18962
342977
396752
281542
70726
11601
183560
191149
392389
77114
476882
316326
237061
401519
156814
36538
397002
120149
312246
479466
242173
436835
203535
386809
446189
191788
117354
19645
144476
173854
250677
179790
16831
163781
461333
103910
191734
161245
295059
84124
238359
288294
400450
491772
189813
57264
28311
103167
193765
356909
82633
435938
293744
286168
339100
239933
477956
456454
275931
138785
130308
42960
318575
163491
206741
296260
267401
398476
457505
78813
498952
212217
367107
399402
220341
73272
473019
248652
176440
183136
121913
259073
135427
415657
61594
474527
171943
55902
447333
447874
211039
93993
490834
45967
257484
213927
342227
24886
128755
316085
120051
127707
44654
487158
43462
264995
60430
32833
30000
253222
215969
151913
28648
351396
83923
90242
342275
255866
146144
289608
220092
357184
383601
227278
419503
141086
441205
261730
182324
86313
94167
302375
214020
155173
305885
273834
420169
366315
306667
466521
135890
38989
134786
164538
406737
218709
254780
249013
490927
417276
38621
211019
290812
438575
438297
210315
79661
395855
488398
278337
482168
82565
97064
212540
237739
402949
486375
174260
285616
309394
157133
421506
364735
291919
86044
271473
26981
357176
20486
17908
274453
59107
228928
81617
497682
183577
291933
93695
95784
280331
388384
77952
379248
485448
290493
133339
388397
293220
323951
190366
118966
481084
111872
483702
289356
214269
255175
316337
71445
292013
334245
362250
351120
79525
443868
365155
279455
252153
475202
375239
48836
379939
453192
428084
365387
260037
77776
270137
69609
401727
460503
188575
399164
88727
188629
188520
319348
460156
4857
407146
252169
355454
285748
119642
451332
245968
1149
230787
498121
476351
106026
46957
356290
59218
491394
238030
335607
85522
24519
405216
487249
1374
110144
402765
90101
315125
91285
425802
275282
112494
332948
27451
484301
118696
147093
435633
364665
164594
166420
362786
140946
272446
426096
13588
348017
433842
267970
199976
19364
292489
121545
22965
293863
231689
425731
400317
46814
33368
326119
338448
162215
175419
365900
146516
294115
29345
82149
158780
193940
264921
37919
351238
53719
480367
381178
418088
430561
149149
118065
449925
457990
239610
472890
251854
487651
414973
168523
50817
448342
10994
389266
110557
186413
271518
273425
480528
317215
371926
155661
27507
136847
209932
395097
206918
206651
276276
125007
137212
441777
243072
87137
399767
499034
76379
167973
486685
491353
352848
37502
456047
363842
443120
82956
50255
214638
356381
47136
48206
244659
202797
75713
397858
429081
470811
104776
135732
263439
229783
272944
205216
489207
360081
121335
488241
452812
289309
491278
444165
142157
45133
416564
22352
4605
15872
72607
219244
372253
119743
283802
133264
338892
375867
31122
267973
346678
135899
403705
126469
382034
176649
331685
371242
36730
469373
375835
489543
258682
383466
450060
417191
444951
382977
439543
449556
398849
28503
185152
287455
148246
468954
420719
487139
344822
451842
255112
207852
104093
158818
334322
486127
351819
182359
373721
404902
151732
265909
410797
410414
149375
360857
343958
94326
260186
299853
43882
159036
328356
229035
462843
492955
214341
399914
480094
59163
351756
251558
267016
472201
426728
117690
458329
278548
300049
348402
183450
451782
114311
94247
378548
280038
471456
222506
390716
247995
22360
450951
423383
367068
196338
386226
360023
410679
286140
356469
486195
154249
124380
269563
126450
51108
387253
101131
346008
187302
465886
45810
139084
80197
156409
17633
376588
144218
256491
267304
408565
295203
218255
331948
162272
430945
234526
38647
341625
37018
395117
344172
191267
35849
113735
334070
86957
988
451553
449318
204642
417439
11480
343727
13989
184242
377712
390577
328460
134203
157881
237025
445759
392489
85325
124383
339786
319851
163030
181411
356869
74499
41935
64489
110348
155670
398559
213658
156658
366464
179328
377653
283904
190808
221380
297893
375050
115444
204822
219862
265999
379055
473239
211758
271544
58564
336141
127683
378415
15524
309094
251637
90023
351030
316126
216724
23052
231037
430382
196063
97501
109710
73716
397757
300518
311448
212002
191921
426892
416824
428135
192891
295880
401375
404650
83776
459939
257143
211459
354707
272667
36906
122696
362691
404288
455174
79415
427340
186211
26149
123403
300064
135859
213471
214174
452729
24919
426176
161002
451811
359353
89138
144703
155233
490513
65705
239009
466804
322848
466821
337863
111868
3727
460559
490911
424367
432085
70326
351707
118296
112827
491463
434713
248686
221286
148887
217767
246206
91415
378770
198017
450768
484260
359072
122353
491125
441129
377715
457929
280330
344536
312145
392198
364615
289056
383109
288982
221142
469787
157041
355790
82614
164856
290503
347652
386143
455742
81771
132349
63510
476893
346718
14278
461153
222143
136632
452278
179624
14347
426560
459954
375235
238705
368504
239850
27761
267965
28832
265255
254104
202225
121046
353070
367082
427901
200722
253225
399996
282494
401926
463506
259387
264996
494136
236893
487139
130768
189171
166764
161467
115731
143070
53054
370788
27927
292904
414902
295892
338088
180157
66349
40314
301203
419419
407396
245457
120142
176973
145453
418988
78899
108959
194727
343895
103095
431620
347387
250216
137144
30503
428035
269227
189925
481090
140016
217852
290346
54918
30097
128435
235075
112798
185101
52631
32217
108849
314440
168711
285822
459893
87699
381073
85204
298779
241320
188299
246751
105059
454867
383895
135562
382903
153123
341840
363993
293139
76044
170691
364409
122493
299126
115836
235291
484227
184819
267509
109428
499259
436220
395250
475504
40272
292675
60708
339051
33996
249008
85802
155407
220227
486050
307322
103130
139173
149162
483475
448664
225206
154167
329425
364052
453293
445261
99343
453873
146433
366852
63301
162044
319425
474904
137549
359697
267579
198257
198748
317927
463617
300902
489687
183845
286952
297009
286975
442477
446171
286803
391141
187729
440970
220566
51781
410615
182180
151125
380840
344965
34329
460494
7009
353754
435398
144558
229803
219329
342816
428551
53609
322785
245806
43296
22982
32758
340305
309958
475236
302828
113113
382729
6909
54083
119648
75043
481050
318180
242520
361891
163145
276849
322385
170154
146956
274135
314713
376759
493464
173881
321663
63425
496666
67469
106721
19649
116579
463378
345959
108167
282558
475424
490897
289468
29507
126897
380863
26909
445077
123383
388800
108222
416584
227537
278376
63540
1672
109441
456652
11489
283322
278315
91266
296341
362136
214340
332342
478715
177718
194653
86883
476629
170077
94132
282449
215936
221029
163312
242845
166106
303047
147998
290680
219631
391887
69056
283172
409912
194850
256176
437753
494524
34491
29019
307217
412979
243359
139559
408046
437430
350564
494929
414059
36993
89061
212860
269281
326442
392524
28479
492548
195571
176477
283228
415202
84716
368637
214726
494628
79839
470902
432381
74363
21745
461401
381581
434724
221112
37492
342771
158542
388057
354052
88953
441402
459466
301813
210684
285908
194337
239163
294809
389908
415640
94389
321463
16708
479378
36189
11337
59217
7092
460070
133581
28837
437823
31514
479914
158936
69006
322685
333830
473415
193089
422784
414818
152555
240949
125502
454816
451639
364665
249625
357899
296657
344014
179362
313365
323393
231904
341054
398962
238996
301125
32543
284185
238948
80409
264099
414236
149416
103136
248067
122831
296226
187203
54001
465133
444504
179503
419949
412495
44168
169574
270395
357177
29941
466109
170543
369686
198013
11597
268648
453361
329074
317544
237547
84375
397953
17998
14963
47369
121135
263030
186553
433713
466585
240554
415198
427442
436410
335148
339937
480578
21074
110332
337756
67367
92794
24651
437053
290807
52600
205702
244169
381675
39598
498068
482402
437551
16066
497365
1273
153553
276748
187826
103618
243333
444732
18817
187127
381142
370317
27065
378073
391391
153749
232181
458759
246543
256832
412164
53703
309432
134218
314224
207459
173816
312292
189861
111368
344710
187227
112641
14616
480327
316819
118234
223660
277903
137051
410788
159046
7368
454205
37119
415112
107954
269300
390223
354498
42484
302387
424553
368268
436606
238777
92080
110422
67421
281941
238142
412131
485520
367135
426747
465847
183954
61334
205860
478210
198385
133000
137256
222106
87205
190727
153570
211511
476379
43793
82361
35215
362532
6914
403483
299138
245691
495563
425913
329464
293857
180407
257948
295729
47543
184695
277929
247849
262381
141
226059
460767
133141
379667
199225
236698
70394
352795
448209
63125
412940
30571
98340
291824
53837
18176
90963
299529
13739
33228
128993
323948
229987
386941
119678
277530
87989
413959
41732
350370
414100
284143
327489
47241
163811
43066
300291
250557
412213
264852
313683
341505
311775
412023
133330
365613
430199
240645
181494
460291
290225
326839
300591
20212
230133
420269
297743
318122
350580
355827
184844
264680
139970
28686
328273
303781
88104
128564
54339
318
393417
384374
341823
221544
312749
491505
87157
259301
232150
268651
235944
22375
95491
36535
42588
325624
473157
356683
160098
323737
212510
361294
88418
368832
406332
416691
172614
494437
61608
243305
494755
471377
144031
352930
192921
456780
344436
280079
232433
92938
65082
468377
115314
160573
4913
157902
2549
478070
30937
178999
318159
259799
40294
406577
128631
446626
339621
317597
457415
401229
77254
468522
372606
221285
321453
65527
194418
182241
361958
426851
275179
427041
395229
390493
103966
400142
64747
106516
394564
95684
301867
212723
355483
342161
135653
467
305140
475274
318064
262555
392855
395319
231078
265461
132956
68883
347340
327374
251124
209299
254226
42655
136340
165807
449501
240306
82301
30600
363174
476865
142637
165042
205940
14472
23555
357945
14939
328695
349571
333004
107603
242426
244675
355033
24239
377631
423916
371580
205006
191392
80879
475584
234047
233571
141391
199900
490229
223692
230501
353404
216909
373138
34798
439201
387610
74705
297147
418902
419753
146718
251906
27356
405497
12933
382389
429736
390564
322657
301316
111922
14049
382195
103858
264448
132118
245249
464349
122348
485293
211202
492104
202202
100692
26902
141404
488302
101607
454903
407204
37712
101621
175462
65068
23470
188395
463809
453207
95312
286466
254523
223586
316867
153071
327445
97668
285189
89046
78369
407537
74340
289571
399641
292894
390263
442895
434298
394917
60855
389201
302122
98567
7175
493936
179988
30645
198684
160149
204
293996
462968
254728
33934
279835
424151
361379
377503
225692
466778
455872
149582
41118
261795
49223
334012
152058
8471
284663
46976
85678
190216
365450
184245
213743
359386
380585
260741
58070
40735
260945
368418
3703
32025
402353
283538
456176
280084
177394
198221
263214
149618
347803
304332
411414
413378
154697
79824
421849
455712
126800
7527
162280
8602
208125
376024
384341
88710
136765
458763
129445
397710
343534
149500
446088
262239
449391
418616
42323
126785
116837
321890
292755
464640
126222
204169
378019
297271
283994
316220
269335
427146
340100
431616
452101
48225
307640
336442
153287
460757
295205
299085
374819
138739
448585
320907
417330
414328
239524
459654
41113
356361
297896
350221
321002
440470
54390
215373
237742
354736
47945
23429
298235
388045
455045
250336
452622
279037
103130
105910
239794
414687
421347
114614
69779
369932
435521
487109
284261
191397
463115
341726
47759
261011
191947
385113
201482
262690
116838
439224
133778
164783
479005
448365
52829
434051
198701
5451
229440
318183
127713
469235
232871
49060
100201
302650
435345
52074
289759
235958
243472
252875
77684
307583
13886
285984
192696
215368
65026
309534
170944
215156
474317
149950
163522
43498
100353
378575
48950
329793
196759
193015
315380
429630
242076
415581
232280
177421
484008
22039
429731
227480
291266
23767
35063
305153
326103
244111
36873
391129
53645
224170
122638
44314
374120
286160
87813
490825
181087
153115
320618
377846
346130
152351
307476
88206
84284
56108
281979
68292
94500
211710
312124
385766
251830
347187
207271
77933
107650
244145
469063
161295
468315
108053
205610
358787
410565
309775
349612
91652
462890
186582
469499
309020
338933
293327
413579
423218
349436
211910
7862
443936
439973
319987
329702
191803
183526
53326
269736
291177
297471
255151
468824
282138
363204
190786
157277
273769
561
23241
365422
463451
209823
351273
272472
65109
144600
202403
4679
494036
414313
28893
437972
370638
348880
284027
62441
32407
353705
332178
339936
151176
103681
308760
449666
483238
499547
106943
257007
108
130184
138781
479912
356359
490054
268736
437820
134655
471139
458851
145043
401804
487745
99368
272443
336625
383395
351236
385384
253452
199766
241672
404628
303448
50433
370646
286686
66332
477589
60045
82792
124125
215179
79056
480484
205233
347792
434657
356240
335283
393508
1284
237088
381253
100652
25883
234231
399
377119
135967
253851
76886
377640
174831
396686
444425
45477
199724
27109
39418
259769
109901
163543
474948
205310
160379
196534
53102
95036
52774
388386
4897
54058
141826
402502
171062
167709
136733
171461
61180
289053
441664
154418
183045
116495
67456
127470
178324
267180
170931
217742
43302
297184
397637
18250
2494
58017
231136
55597
169405
283911
460335
174302
354321
102161
76805
41736
286222
229890
229549
363754
35295
171214
18173
218340
304061
85629
362162
482386
352810
33093
216480
412464
330278
114118
430714
349124
172135
161851
404721
357892
462114
381408
48547
332787
483569
125352
374523
286143
371594
104073
149898
423242
275287
184423
141582
95700
286404
3745
78086
155566
53190
294567
68030
399820
408685
498745
248945
97172
176948
170018
455064
155414
51427
3611
488201
51348
145315
362725
337492
33262
466798
3742
456504
258437
188165
98086
354137
490921
118183
448576
146488
187726
259495
214518
87546
168180
229615
336491
281704
406563
22862
253120
78329
74289
273084
66531
125637
418399
445608
479481
468013
412406
499575
424517
187195
204092
38956
57684
195014
173491
6260
341502
361217
265755
56020
465116
450287
301988
317959
248343
224903
340821
1464
303233
431462
274548
369764
73452
209299
315372
52933
177313
244130
68861
118182
447677
272953
173490
5361
467967
363334
27974
325821
240903
310081
398194
206019
276721
200182
40331
25064
425085
381152
42880
228318
328967
333780
114434
402419
43080
429806
455352
236745
190288
24213
371279
154317
313519
44770
176031
281486
424456
204005
107308
165359
30438
21854
387731
323511
222036
428062
364928
147121
325566
407808
375440
154533
257941
6226
56952
301021
436033
28657
54118
142673
69222
425397
296991
382741
486519
473022
164228
427327
193379
287888
92687
240169
309742
496770
63681
31778
424832
444961
195251
266750
369121
87043
421284
127062
93270
494588
444435
45655
23245
498553
188328
92468
440303
1671
475209
443174
491045
155789
370502
184424
443677
479541
440946
269771
476311
20979
317901
417495
465940
29505
184245
335061
116548
121881
478476
209818
116470
422911
271825
139715
437817
476506
248535
394472
478177
223745
337646
469223
395886
224500
169999
339564
220393
127297
125687
196704
148276
459941
130551
130568
489446
314797
465630
105994
436678
444106
332165
53148
383369
103990
209216
321186
80496
457751
215658
75026
197848
69657
60601
93735
310509
246952
449651
30903
374250
75338
243959
38878
35279
374511
169447
41077
205660
135077
147072
142338
95535
495589
211839
495256
115931
421055
332795
196428
378806
48453
287806
93007
134462
348407
186742
461324
111711
136393
492227
2313
228083
252538
41192
279715
127049
210639
320792
332709
362068
484216
491400
473955
479805
203239
469211
95737
124294
302006
308517
19452
366812
112675
112459
17626
477434
299201
478950
89145
451946
487529
91459
180030
240068
132651
476097
383469
343290
296889
232531
221710
281106
223931
195665
277263
443522
164876
389352
67816
483235
197869
103620
350047
310544
232432
367673
287978
47985
346624
393476
499932
350505
484935
196314
90573
133938
172411
474043
493580
469300
222926
215290
266758
463209
427307
44022
406731
92183
433374
490899
91770
147596
94519
441817
474492
343303
325843
278823
391289
188819
172299
391221
39324
173586
87535
146250
323876
276298
136645
317456
245598
359571
49098
28709
322780
476405
89083
229511
84940
22457
236762
176711
186405
331281
134880
160898
190937
477075
456073
82226
165894
128372
489799
221571
318310
77334
367821
142186
369984
4466
475994
115582
364037
41444
160643
203169
34201
249726
449032
119141
288536
185794
312204
474941
33427
463437
152191
224364
440512
108264
306590
122759
252988
296389
344330
87650
390075
212151
246188
260059
216617
222182
391994
97006
279978
52637
316527
314179
302364
265559
433321
90900
451353
261877
82193
484780
225314
250737
225497
182179
375353
32087
304938
128342
344829
149268
232344
251256
361419
478533
11316
94388
217067
419662
207746
497046
472299
24273
311225
291015
306184
244546
398267
257537
22776
496813
258669
248090
247550
484166
446621
122903
32606
251559
267597
393787
400827
499942
145043
278598
494827
156359
389338
211894
76021
97084
208940
64673
137709
20166
355688
443893
281064
270308
201430
303840
267121
476452
68283
14671
476970
31256
153926
25928
282816
421524
419715
183643
437818
64759
478594
432645
221118
367932
160891
313492
465017
369832
394517
102726
406350
250205
62972
203766
20513
280754
23959
287634
257206
108594
318657
250529
139850
472584
276457
422666
410460
196173
106310
364630
260932
84904
297275
498402
469188
474518
328246
434205
344350
222763
53284
267052
489321
116256
470819
9834
397010
494778
313821
170569
103372
132478
421098
259574
121414
197555
182241
31874
393728
304903
396504
171012
406159
210131
185767
375347
184650
14013
309553
45352
253129
379189
328757
242450
495445
315928
252284
408807
310706
82457
79376
430430
231288
474
190004
352702
214382
388597
400929
124462
193500
313785
295475
99659
40269
497594
475007
241271
11607
300912
302975
281088
196453
131732
23538
191898
464012
292175
117057
291070
374632
196434
237852
105920
213260
427857
474975
427642
332806
392256
52105
26307
222393
363932
142318
279014
377878
133677
20285
405837
450941
339613
186926
147394
487697
210464
339292
451710
2639
472702
242780
377272
169136
480633
499544
382396
424842
490871
326391
257648
399479
394848
300307
138225
275132
442626
417239
153010
76303
437525
58847
27245
293490
245773
174639
281187
456238
30284
232897
475229
2986
475678
368853
188474
472663
384750
87222
397505
375621
413613
171505
291453
324813
471813
429678
99945
414439
363269
252955
7094
317146
328155
50691
110636
73928
225331
391824
46518
271967
124721
21748
291305
116751
406953
496131
89414
291703
83353
3271
183677
13319
174777
475130
338132
146590
421160
438078
77381
300781
207385
84475
117928
35540
135167
228564
125821
376850
120388
172339
165169
261462
210439
456474
378213
117393
468957
483980
425448
68662
487251
109125
81981
162028
100607
436466
308618
21767
374544
385999
322549
98281
486827
456829
133822
121994
185393
259643
498844
322134
448334
180365
83596
175126
153191
478161
292519
122148
462141
217967
190810
449393
343445
272792
127773
444052
209258
452744
482172
100154
355095
321073
198435
341922
277902
348609
480268
463295
124604
495464
285429
72939
175829
385377
248065
329020
363539
56936
451168
342032
291255
158331
307777
134700
447475
435551
95105
173085
404647
77277
273239
259742
398350
488026
118017
176252
352988
98285
155899
477592
110102
457681
66883
285931
343058
314948
114952
222949
388236
82472
64982
195844
257155
372759
330544
204630
324662
425649
377715
229309
19278
167306
5404
417628
171685
123421
110232
24673
238058
266132
18617
348160
223813
85501
150444
83223
416801
281748
322525
305038
380572
387507
882
137728
276618
347778
342358
117633
289780
236426
346942
309058
420084
368698
226687
91769
8471
353271
132794
262882
119403
151412
127394
359568
236913
277838
459144
153714
75938
281669
475104
456511
185528
492338
110591
478498
340117
469301
96131
146249
205727
459426
455307
125812
328124
198346
233933
352948
51618
366728
115830
187373
34492
243224
63294
271405
37415
22438
441471
113353
320459
432928
86216
22339
425266
196807
837
281735
166109
113321
427984
388188
72747
399644
30352
417223
114342
280638
270171
182312
147366
402353
386038
198210
161930
449332
469615
199345
488122
427438
329050
324933
360366
415267
347272
301985
128426
348109
100072
310887
461430
28057
215428
50529
444053
245780
467753
74747
42770
254276
257060
190136
156630
143098
404698
334912
108782
390665
34257
96904
318104
379659
421837
194822
311278
269109
13159
439705
133570
113232
266944
111353
157641
482372
161882
101694
244505
145987
176441
287275
416616
449853
493764
89598
92951
398462
424510
201733
289128
458767
314989
123584
354778
236826
318406
166057
22287
347918
122114
172210
461150
389058
283563
118791
371431
461797
236837
115936
124137
413278
403211
40753
379484
396975
130351
472435
295438
54861
190521
100918
29980
5510
224502
384758
258689
59260
67167
297328
407178
189281
469538
368328
78340
269453
3471
466123
247603
240308
82059
371740
169939
1622
412493
49423
414950
59196
38210
226740
130409
245083
327658
176741
250594
52160
77851
25635
111420
145019
322963
18599
334300
308854
403279
428992
78307
406751
395115
342262
147059
493526
214002
333350
495149
142847
382773
410099
218395
420984
136839
348804
166067
464497
25545
433013
33009
119749
475000
160781
264768
314316
195732
115420
139522
99012
44413
234181
22115
455880
76444
169174
449407
290446
18877
444556
449646
401650
354655
168041
338986
7846
33198
21406
488695
75095
470771
21704
194844
462124
182485
459612
276440
378218
91385
415962
493582
135798
150143
15697
91678
226587
201223
41085
33386
220100
1993
483032
121751
373000
167425
477089
380846
200623
498495
369541
275719
485619
407597
470563
447743
106435
446528
224183
484653
37913
156497
478235
190063
322992
10284
298093
49580
211507
355531
99318
431608
357524
98702
69711
230525
266127
46800
127723
466751
61648
13617
258822
47267
421214
245737
495010
27649
192265
235545
28654
230178
392042
23241
436593
215034
33525
234687
280966
245033
90218
380284
176641
464094
495338
246352
210971
261466
309504
338695
244569
371152
352312
3391
418419
289878
265480
429781
333880
457746
165326
378886
204276
73720
402128
140870
288755
435653
391909
86073
197038
482127
466358
390031
462573
478048
152735
173545
239514
462240
12240
435
333392
380904
20178
268164
187134
285659
197945
37366
243405
379624
416253
464033
453344
334733
104903
242099
286738
13164
328173
483777
11643
310883
373808
474217
288931
26544
147762
44798
5136
176354
45233
354880
57258
81764
123044
260744
367423
337342
298111
127180
216966
230716
91213
186662
65449
212469
428762
352187
225633
273287
352316
237277
100522
226125
211494
405805
269021
359256
450603
290509
35610
12189
145389
109220
110305
268434
386316
477728
122128
200779
104908
355446
431495
212473
42108
496944
424942
487222
365484
150576
276861
217800
387853
377383
460277
115699
299541
245650
491307
250144
36159
26917
278685
181549
152489
388990
466335
55157
383070
104815
255937
4330
460261
187432
216804
2369
200729
141746
489592
66213
308674
266453
300365
196527
160189
260643
328578
459730
6293
319885
226226
58805
363154
21264
240354
15643
426606
223041
70801
309677
327856
343090
314007
288117
30522
47163
306838
231251
188910
312782
313816
497584
95588
114182
210464
272129
391177
39042
231859
413822
358928
474437
472627
222082
495701
229333
254078
422308
452374
341231
248337
280230
184321
78696
84699
231195
125860
407890
478799
314770
220672
308967
328706
332612
439501
55522
104741
330678
94565
336600
244501
469845
327390
233480
208279
323091
462814
478709
261751
415188
336292
10088
211771
36965
105137
296470
268161
230997
220712
263312
62119
441385
72279
390825
273997
11781
446348
395091
342459
57265
231691
103312
43462
75433
353145
268093
398525
315959
246803
176628
231147
83095
203069
459270
120061
308206
272093
404574
39203
492805
167886
101322
450542
240165
492147
240892
268298
454847
135983
127110
28464
384026
230422
88278
459460
83567
356372
357985
415878
103175
50965
163378
202622
254034
122648
339035
62240
394741
243609
101443
403899
427847
202765
354441
168013
211265
95333
436311
182464
231316
63421
227281
131695
310196
315559
91155
410115
171931
465492
325994
291458
16457
489372
494081
270492
128372
349468
332732
39466
93078
434176
443365
20925
153293
314158
205290
380910
409492
157954
79727
157160
221375
307008
288855
47923
122567
380010
474391
294499
345502
300385
85957
378312
306109
96390
148804
450833
445859
481536
490299
55289
432064
450016
92566
101710
264175
297857
482620
190019
455811
62347
347179
193538
385707
152387
241462
8275
48749
232205
319126
410604
32590
421435
288916
355051
17826
437720
322236
480037
419256
328888
51678
367673
278904
144244
469383
43079
442101
468355
233098
414264
30703
96630
124155
416410
265369
381969
441037
314118
114174